5 0.5844479166666667 0.649074074074074 0.19568229166666665 0.3735462962962963
5 0.3355677083333333 0.640462962962963 0.13690625 0.3007685185185185
5 0.08928645833333333 0.6510555555555555 0.17559375 0.33517592592592593
1 0.26971875 0.41087962962962965 0.11681770833333333 0.18816666666666668
7 0.42373437500000005 0.47704629629629636 0.09449479166666667 0.2702407407407407
2 0.6276041666666666 0.4406666666666667 0.13913541666666665 0.30064814814814816
1 0.38653125 0.3367777777777778 0.060265624999999996 0.14842592592592593
1 0.23288541666666665 0.30899074074074073 0.049109375000000004 0.11930555555555555
4 0.13132291666666665 0.2818981481481481 0.11383854166666667 0.35083333333333333
5 0.37202604166666664 0.19916666666666666 0.06547395833333333 0.09806481481481481
5 0.45907812499999995 0.21968518518518518 0.08333333333333333 0.17085185185185187