1 0.04352604166666666 0.3293611111111111 0.08556770833333333 0.1587314814814815
1 0.6826614583333334 0.7883611111111111 0.17336458333333335 0.4074074074074074
1 0.5052083333333334 0.7367685185185185 0.181546875 0.4153425925925926
1 0.28534375 0.6984166666666667 0.17038541666666665 0.35185185185185186
1 0.08221875000000001 0.6693148148148148 0.15996875 0.4021203703703704
1 0.228421875 0.4715648148148148 0.09523958333333334 0.20502777777777778
1 0.3515625 0.49867592592592597 0.10491145833333333 0.22750925925925927
1 0.2890625 0.3763240740740741 0.05878125 0.1309537037037037
1 0.6287187500000001 0.5224907407407408 0.12053645833333333 0.23809259259259258
1 0.6733645833333333 0.390212962962963 0.061010416666666664 0.12698148148148147
7 0.45126562499999995 0.5634907407407408 0.11383854166666667 0.2883611111111111
7 0.43935937500000005 0.4212962962962963 0.12128125000000001 0.1256574074074074
7 0.502234375 0.3339907407407407 0.10416666666666667 0.14153703703703704
6 0.4066197916666667 0.31084259259259256 0.09895833333333333 0.1587314814814815