1 0.6826614583333334 0.6622962962962963 0.14211458333333335 0.33385185185185184
2 0.5003697916666667 0.6874537037037037 0.14211458333333335 0.44501851851851854
1 0.27901562500000004 0.576287037037037 0.12648958333333335 0.3073425925925926
2 0.06584895833333333 0.5954814814814815 0.13169791666666666 0.36160185185185184
1 0.18378125 0.42477777777777775 0.08482291666666668 0.23183333333333334
1 0.2972447916666667 0.37449074074074074 0.103421875 0.14448148148148146
1 0.44307812500000004 0.3777962962962963 0.064734375 0.14580555555555555
1 0.3969479166666667 0.3592685185185185 0.048364583333333336 0.1272685185185185
1 0.599328125 0.3897129629629629 0.06175520833333333 0.18550925925925926
1 0.35863020833333337 0.2448148148148148 0.052083333333333336 0.12058333333333332
1 0.47432812500000004 0.24019444444444446 0.08705208333333332 0.15630555555555556