7 0.060640625000000004 0.8485462962962963 0.115328125 0.30026851851851855
1 0.12871875 0.7433888888888889 0.11755729166666667 0.24074074074074073
1 0.2886927083333333 0.7387592592592592 0.09226041666666666 0.23941666666666667
5 0.22916666666666666 0.8796296296296297 0.14732291666666666 0.23809259259259258
2 0.44233854166666664 0.8716944444444444 0.14806770833333335 0.24074074074074073
5 0.6060260416666666 0.8994722222222222 0.158484375 0.19841666666666666
1 0.3567708333333333 0.6587314814814814 0.109375 0.1534351851851852
1 0.20201041666666666 0.6461666666666667 0.13169791666666666 0.20237962962962963
2 0.3214270833333333 0.5529074074074074 0.08630729166666667 0.1428611111111111
2 0.41480729166666663 0.5773796296296296 0.08258854166666667 0.1574074074074074
1 0.5732864583333334 0.6435185185185185 0.05878125 0.08333333333333333
7 0.3813229166666667 0.7890185185185185 0.115328125 0.26587037037037037
1 0.549109375 0.7685185185185185 0.13988020833333334 0.21957407407407406