3 0.619421875 0.8051851851851852 0.11086458333333334 0.25984259259259257
2 0.505953125 0.7873148148148148 0.07142708333333332 0.2902962962962963
7 0.3392864583333333 0.7330740740740741 0.11011979166666667 0.23201851851851854
7 0.19903125 0.6953703703703704 0.13765104166666667 0.26242592592592595
3 0.19568229166666665 0.48562962962962963 0.07291666666666667 0.13924999999999998
7 0.11197916666666667 0.5140740740740741 0.06621875 0.12736111111111112
7 0.04352604166666666 0.5630462962962963 0.07663541666666666 0.19089814814814815
6 0.3199427083333333 0.5822222222222222 0.05803645833333334 0.15783333333333335
1 0.38988020833333337 0.5689814814814815 0.05059375 0.11283333333333333
1 0.4564739583333333 0.6000833333333334 0.055802083333333335 0.1512314814814815
1 0.5636145833333334 0.617287037037037 0.07961458333333334 0.1565277777777778
2 0.4906979166666667 0.48893518518518514 0.040921874999999996 0.09029629629629629
6 0.4222447916666667 0.46908333333333335 0.04390104166666667 0.10616666666666666