3 0.564359375 0.8148148148148148 0.11383854166666667 0.26719444444444446
5 0.45870312500000004 0.7275092592592592 0.12723437499999998 0.28306481481481477
7 0.2827395833333333 0.7361111111111112 0.16517708333333334 0.25
7 0.14694791666666665 0.6871666666666667 0.17336458333333335 0.29232407407407407
6 0.2671145833333333 0.5641574074074074 0.080359375 0.1574074074074074
7 0.3188229166666667 0.5211666666666667 0.04390104166666667 0.10317592592592593
1 0.3515625 0.5701018518518519 0.06919791666666668 0.1322777777777778
1 0.3969479166666667 0.6322777777777778 0.08556770833333333 0.19576851851851854
7 0.529390625 0.6342592592592593 0.08109895833333333 0.13360185185185183
1 0.5531979166666667 0.556212962962963 0.037947916666666665 0.06481481481481481
6 0.3839270833333333 0.4887592592592593 0.044640624999999996 0.10185185185185185
1 0.45498437500000005 0.5 0.06621875 0.10582407407407408
6 0.138390625 0.4596574074074074 0.07886979166666667 0.1124351851851852
1 0.061010416666666664 0.4722222222222222 0.08184374999999999 0.14814814814814814