4 0.099703125 0.3300277777777778 0.17708333333333334 0.45635185185185184
1 0.21577604166666667 0.32804629629629634 0.09077604166666667 0.20899074074074075
1 0.29501562499999995 0.4153425925925926 0.10044791666666668 0.2804259259259259
7 0.3902552083333333 0.43915740740740744 0.09895833333333333 0.3015833333333333
2 0.45721875 0.6045 0.20015104166666667 0.3862407407407407
0 0.6331822916666667 0.6256574074074075 0.17113020833333334 0.4206388888888889
2 0.20982291666666666 0.6309537037037036 0.212796875 0.3888888888888889
5 0.3344479166666667 0.23941666666666667 0.07961458333333334 0.16137962962962962
5 0.44159375 0.23676851851851852 0.09746874999999999 0.1455
1 0.5673385416666666 0.38227777777777777 0.11830208333333332 0.21693518518518518
5 0.3753697916666667 0.3181203703703704 0.084078125 0.13624074074074072