4 0.11383854166666667 0.3207685185185185 0.138390625 0.33994444444444444
5 0.076265625 0.6957685185185185 0.14211458333333335 0.4126944444444444
2 0.31659375 0.6891574074074074 0.158484375 0.32539814814814816
1 0.5651041666666666 0.6931203703703704 0.19568229166666665 0.5132314814814815
1 0.5658489583333334 0.375 0.11234895833333333 0.13624074074074072
1 0.40922395833333336 0.4556851851851852 0.13392708333333334 0.2949722222222222
5 0.21503125 0.40675 0.09821354166666667 0.21825
1 0.28720312499999995 0.44973148148148145 0.10863020833333333 0.1455
5 0.44940625 0.2559537037037037 0.09226041666666666 0.1388888888888889
5 0.6253697916666667 0.33928703703703705 0.078125 0.19973148148148148
1 0.36346875 0.36706481481481484 0.03199479166666667 0.17857407407407408