1 0.5870520833333334 0.9368148148148148 0.068453125 0.12099074074074073
3 0.4720989583333333 0.9077222222222222 0.07515104166666667 0.18184259259259258
1 0.33965625 0.8958148148148148 0.091515625 0.19771296296296295
1 0.17336458333333335 0.8210555555555555 0.09226041666666666 0.21487037037037038
1 0.3013385416666667 0.7449629629629629 0.04613020833333333 0.13675925925925925
1 0.3917395833333333 0.8071574074074074 0.07961458333333334 0.18972222222222224
7 0.41778125 0.8448703703703704 0.052828125000000004 0.20429629629629628
1 0.5517135416666666 0.8322962962962963 0.040921874999999996 0.13680555555555557
1 0.4702395833333333 0.6986574074074073 0.05059375 0.1235
6 0.3917395833333333 0.6702037037037037 0.055802083333333335 0.11687037037037037
6 0.166296875 0.6272037037037037 0.060265624999999996 0.12610185185185185
1 0.10416666666666667 0.6503611111111111 0.07291666666666667 0.11156481481481481
1 0.029015625 0.6106574074074074 0.05059375 0.08242592592592592
2 0.33519270833333337 0.7165185185185186 0.037947916666666665 0.13806481481481483