2 0.033484375000000004 0.4212962962962963 0.06547395833333333 0.16799074074074075
2 0.091515625 0.7612407407407408 0.181546875 0.4775092592592593
1 0.32440625 0.748675925925926 0.27529687500000005 0.3465648148148148
2 0.6793177083333333 0.7341296296296297 0.22023958333333335 0.37037037037037035
1 0.2734375 0.44973148148148145 0.11383854166666667 0.2248703703703704
2 0.36011979166666663 0.48148148148148145 0.10267708333333332 0.19047222222222224
7 0.48140104166666664 0.5522499999999999 0.14434375 0.28703703703703703
2 0.6395104166666666 0.4318796296296296 0.16294791666666666 0.23941666666666667
2 0.666296875 0.35780555555555554 0.055802083333333335 0.11508333333333334
2 0.43824479166666663 0.4126944444444444 0.10416666666666667 0.16666666666666666
7 0.4985104166666667 0.32275 0.08928645833333333 0.15079629629629632