3 0.114953125 0.7744722222222222 0.11979166666666667 0.21031481481481482
1 0.21726041666666665 0.891537037037037 0.130953125 0.19047222222222224
1 0.19196354166666665 0.6792314814814815 0.10863020833333333 0.20767592592592593
1 0.26153125 0.7242037037037037 0.09003125000000001 0.1388888888888889
2 0.35528125 0.6931203703703704 0.10044791666666668 0.15608333333333332
7 0.3705364583333333 0.8339907407407408 0.12797395833333333 0.26851851851851855
7 0.5342239583333334 0.8511944444444444 0.10565625000000001 0.2764537037037037
2 0.43340625 0.8994722222222222 0.14508854166666665 0.20105555555555554
5 0.591890625 0.9219537037037038 0.10044791666666668 0.15608333333333332
2 0.41182812500000004 0.6097870370370371 0.084078125 0.1455
6 0.3110104166666667 0.59325 0.075890625 0.14947222222222223