1 0.6979166666666666 0.8290092592592593 0.12648958333333335 0.28632407407407406
3 0.5111614583333333 0.8190833333333334 0.15327604166666667 0.2982222222222222
3 0.30171354166666664 0.7926203703703704 0.146578125 0.27438888888888885
1 0.056921875000000004 0.7582222222222222 0.10491145833333333 0.3114166666666667
1 0.220984375 0.6027314814814815 0.080359375 0.17769444444444443
1 0.34932812500000004 0.5914814814814814 0.091515625 0.15783333333333335
1 0.4676354166666667 0.5961203703703704 0.06175520833333333 0.18562962962962962
1 0.6138385416666666 0.5895 0.08928645833333333 0.18297222222222223
1 0.626859375 0.45916666666666667 0.095984375 0.1365925925925926
1 0.3958333333333333 0.42476851851851855 0.06398958333333334 0.14980555555555555
1 0.4296875 0.5537685185185186 0.048364583333333336 0.1167962962962963
1 0.2700885416666667 0.5140833333333333 0.08184374999999999 0.15117592592592594
2 0.5085572916666666 0.44858333333333333 0.07663541666666666 0.15775
6 0.04761979166666667 0.5054814814814814 0.087796875 0.18160185185185185