4 0.06956770833333333 0.42327777777777775 0.13913541666666665 0.43650925925925926
5 0.0703125 0.7347870370370371 0.13913541666666665 0.390212962962963
2 0.3061770833333333 0.7103148148148148 0.19866145833333335 0.37830555555555556
1 0.5595260416666666 0.6957685185185185 0.21130729166666665 0.5238055555555556
5 0.26785937499999996 0.4973518518518518 0.09077604166666667 0.23280555555555557
5 0.20721875 0.40938888888888886 0.09300520833333333 0.2235462962962963
1 0.41890104166666664 0.45767592592592593 0.13244270833333333 0.2619074074074074
1 0.5621302083333333 0.36971296296296297 0.11830208333333332 0.12830555555555556
1 0.4479166666666667 0.2645462962962963 0.09375 0.14021296296296296
1 0.37425520833333337 0.35383333333333333 0.06398958333333334 0.15212037037037035
1 0.6238854166666666 0.3353148148148148 0.09746874999999999 0.19444444444444445