1 0.05952604166666667 0.5449722222222223 0.08333333333333333 0.1322777777777778
6 0.13169791666666666 0.5376944444444445 0.075890625 0.10713888888888888
1 0.14211458333333335 0.755287037037037 0.17261979166666666 0.27249074074074076
1 0.2663697916666667 0.8022499999999999 0.17261979166666666 0.244712962962963
6 0.2760416666666667 0.6481481481481481 0.06994270833333333 0.12962962962962962
7 0.3188229166666667 0.589287037037037 0.052828125000000004 0.09656481481481483
1 0.3511927083333333 0.6329351851851852 0.068453125 0.11772222222222223
2 0.390625 0.6091296296296297 0.03869270833333334 0.08598148148148148
1 0.4047604166666667 0.6779074074074074 0.08482291666666668 0.20767592592592593
1 0.5305052083333334 0.692462962962963 0.08482291666666668 0.14947222222222223
5 0.4516354166666667 0.84325 0.119046875 0.26851851851851855
3 0.5669635416666666 0.8690462962962964 0.11309374999999999 0.2301574074074074
6 0.38095312499999995 0.5489444444444445 0.053572916666666665 0.09259259259259259
2 0.44903125 0.5654722222222223 0.060265624999999996 0.10713888888888888