7 0.072171875 0.4801574074074075 0.08333333333333333 0.1640185185185185
6 0.15513541666666666 0.45039814814814816 0.09449479166666667 0.1309537037037037
7 0.15661979166666665 0.6984166666666667 0.16890104166666667 0.31216666666666665
6 0.2682291666666667 0.557537037037037 0.08258854166666667 0.14947222222222223
1 0.3284947916666667 0.5152129629629629 0.04241145833333334 0.09920370370370371
1 0.36123437500000005 0.5535740740740741 0.04241145833333334 0.09126851851851851
7 0.28980729166666663 0.7261944444444444 0.158484375 0.2486759259259259
5 0.4594479166666667 0.7559537037037036 0.11681770833333333 0.2764537037037037
3 0.5714270833333334 0.8141574074074074 0.10119270833333333 0.28438888888888886
7 0.5353437499999999 0.6666666666666666 0.06324479166666667 0.18518518518518517
1 0.41592187500000005 0.6355833333333333 0.07291666666666667 0.18121296296296296
6 0.39546354166666664 0.4887592592592593 0.045385416666666664 0.09391666666666668
2 0.4624270833333333 0.5059537037037036 0.06175520833333333 0.10713888888888888
1 0.41108854166666664 0.5337314814814814 0.048364583333333336 0.07539814814814816