0 0.6476927083333333 0.5535740740740741 0.23140104166666667 0.5383611111111111
2 0.19456770833333334 0.6276481481481482 0.234375 0.3690462962962963
2 0.17708333333333334 0.3220925925925926 0.107140625 0.2235462962962963
2 0.37797395833333336 0.4074074074074074 0.10267708333333332 0.317462962962963
1 0.35751562499999995 0.2751296296296296 0.07961458333333334 0.1375648148148148
1 0.3296145833333333 0.19642592592592592 0.09523958333333334 0.1574074074074074
1 0.4375 0.19246296296296297 0.08630729166666667 0.14417592592592593
1 0.5420364583333334 0.34325 0.08556770833333333 0.18386111111111111
1 0.6030520833333333 0.2738055555555555 0.07515104166666667 0.17725000000000002
5 0.05543229166666667 0.5251296296296296 0.10491145833333333 0.4074074074074074
1 0.26785937499999996 0.35450000000000004 0.10863020833333333 0.16931481481481483
0 0.44940625 0.5800277777777777 0.17857291666666666 0.4484166666666667