4 0.19047395833333333 0.5459444444444445 0.25 0.8656851851851852
1 0.5863072916666667 0.6471111111111111 0.17857291666666666 0.5204074074074073
1 0.3526770833333333 0.55975 0.10863020833333333 0.2901296296296296
1 0.2935260416666667 0.37580555555555556 0.07663541666666666 0.12066666666666666
6 0.05133854166666666 0.6431296296296297 0.10267708333333332 0.43572222222222223
5 0.4308020833333333 0.37050925925925926 0.07291666666666667 0.22125925925925927
1 0.24181770833333335 0.3043611111111111 0.07886979166666667 0.12062037037037038
1 0.576265625 0.31362962962962965 0.10044791666666668 0.16825925925925925
2 0.3705364583333333 0.35862037037037037 0.040177083333333335 0.17887037037037037
1 0.6097447916666667 0.22894444444444442 0.078125 0.12322222222222223
1 0.4486614583333333 0.18660185185185185 0.087796875 0.16289814814814815