0 0.6369062499999999 0.5207499999999999 0.17261979166666666 0.5322407407407408
5 0.46577604166666664 0.5385833333333333 0.12351041666666666 0.33246296296296296
5 0.20758854166666665 0.558425925925926 0.12797395833333333 0.30865740740740744
6 0.05505729166666666 0.5690185185185185 0.11011979166666667 0.3430648148148148
4 0.055802083333333335 0.27199074074074076 0.11011979166666667 0.43153703703703705
5 0.255953125 0.368537037037037 0.08184374999999999 0.18813888888888888
5 0.19456770833333334 0.28517592592592594 0.07068229166666667 0.16162962962962962
1 0.3716510416666667 0.29708333333333337 0.04241145833333334 0.10871296296296296
7 0.37983854166666664 0.43471296296296297 0.09449479166666667 0.2649166666666667
1 0.5483645833333333 0.31296296296296294 0.061010416666666664 0.14312037037037037
1 0.3284947916666667 0.17999074074074073 0.07068229166666667 0.14437037037037037
5 0.43564062499999995 0.1899074074074074 0.095984375 0.15362962962962962