1 0.6220260416666666 0.6342592592592593 0.16815625 0.3743425925925926
7 0.1171875 0.6686481481481481 0.18675520833333334 0.432537037037037
5 0.40141145833333336 0.6653425925925927 0.146578125 0.33862037037037035
6 0.28608854166666664 0.4054259259259259 0.09300520833333333 0.21825
1 0.3619791666666667 0.42262037037037037 0.10193229166666667 0.1388888888888889
1 0.48809375 0.4675925925925926 0.12202604166666667 0.26058333333333333
1 0.6391354166666667 0.37037037037037035 0.12946354166666665 0.14814814814814814
1 0.4375 0.35317592592592595 0.07886979166666667 0.15608333333333332
3 0.6636927083333333 0.26851851851851855 0.056546874999999996 0.05555555555555555
2 0.5152552083333333 0.2526481481481482 0.08854166666666667 0.1455
2 0.05059375 0.38491666666666663 0.09821354166666667 0.14021296296296296