1 0.03161979166666667 0.29762037037037037 0.06175520833333333 0.1534351851851852
1 0.09263541666666668 0.5866388888888889 0.16741145833333335 0.38227777777777777
1 0.3660729166666667 0.59325 0.15625 0.3373055555555556
5 0.5948645833333334 0.5978796296296297 0.20758854166666665 0.36508333333333337
1 0.46651562500000004 0.39417592592592593 0.12202604166666667 0.2354537037037037
1 0.627234375 0.32473148148148145 0.10119270833333333 0.16269444444444445
2 0.6677812500000001 0.2757962962962963 0.06621875 0.20767592592592593
1 0.31324479166666663 0.3617685185185185 0.11458333333333333 0.1891574074074074
1 0.3872760416666667 0.18783333333333335 0.09449479166666667 0.18518518518518517
2 0.4832604166666667 0.18981481481481483 0.08854166666666667 0.1388888888888889
1 0.2503697916666667 0.32539814814814816 0.10491145833333333 0.21428703703703705