1 0.016369791666666668 0.4900833333333333 0.032739583333333336 0.054231481481481485
7 0.060265624999999996 0.5780462962962962 0.12053645833333333 0.15608333333333332
1 0.07738020833333333 0.4894166666666667 0.04761979166666667 0.07407407407407407
6 0.20572916666666666 0.47883333333333333 0.08705208333333332 0.10317592592592593
1 0.13578645833333333 0.505287037037037 0.06175520833333333 0.1322777777777778
7 0.23028125 0.6911388888888889 0.140625 0.2896851851851852
1 0.3590052083333333 0.7017222222222222 0.13020833333333334 0.23148148148148148
2 0.5208333333333334 0.7175925925925926 0.10119270833333333 0.26058333333333333
3 0.6372760416666666 0.7539722222222222 0.09895833333333333 0.26719444444444446
6 0.34784375 0.5720925925925926 0.07961458333333334 0.16005555555555556
1 0.37128125 0.4861111111111111 0.040177083333333335 0.08068518518518518
1 0.4166666666666667 0.5548981481481481 0.0625 0.1388888888888889
1 0.46949479166666663 0.5806851851851852 0.06696354166666667 0.14814814814814814
1 0.5885416666666666 0.5760555555555555 0.075890625 0.15475925925925924
6 0.4360104166666667 0.4596574074074074 0.06547395833333333 0.11772222222222223
2 0.5011145833333334 0.45635185185185184 0.052828125000000004 0.09524074074074074