1 0.044270833333333336 0.3306851851851852 0.08258854166666667 0.16137962962962962
1 0.08444791666666666 0.6832037037037038 0.16741145833333335 0.42989814814814814
1 0.2708333333333333 0.71825 0.15625 0.3730185185185185
1 0.5234375 0.7050277777777777 0.12425520833333333 0.4153425925925926
1 0.6945677083333333 0.8002685185185184 0.18378125 0.39947222222222223
6 0.3950885416666667 0.3154722222222222 0.08333333333333333 0.17592592592592593
7 0.5130208333333334 0.33862037037037035 0.08854166666666667 0.15608333333333332
7 0.4497760416666667 0.5773796296296296 0.10788541666666666 0.29232407407407407
1 0.623140625 0.5582037037037038 0.103421875 0.3042314814814815
1 0.6577395833333333 0.3895462962962963 0.05803645833333334 0.10978703703703703
7 0.4363854166666667 0.41864814814814816 0.09003125000000001 0.15475925925925924
1 0.22991145833333335 0.4834629629629629 0.09077604166666667 0.21561111111111111
1 0.35640104166666664 0.49867592592592597 0.10119270833333333 0.22750925925925927
1 0.29092187500000005 0.4021203703703704 0.06696354166666667 0.16666666666666666