6 0.3560260416666667 0.36574074074074076 0.06770833333333333 0.15475925925925924
7 0.46318229166666663 0.35833333333333334 0.08503645833333334 0.1213425925925926
1 0.24830208333333334 0.4479814814814815 0.06778124999999999 0.19008333333333333
1 0.38327083333333334 0.44183333333333336 0.060765625000000004 0.11071296296296296
1 0.6451979166666667 0.409287037037037 0.062276041666666664 0.14626851851851852
7 0.5719791666666667 0.550861111111111 0.12266145833333333 0.25362962962962965
1 0.43327604166666667 0.4760462962962963 0.12153125000000001 0.14694444444444443
1 0.314765625 0.5465 0.11548958333333334 0.2851574074074074
1 0.207578125 0.5501944444444444 0.09813020833333333 0.26033333333333336
1 0.06822916666666666 0.740175925925926 0.13506770833333331 0.43568518518518523
1 0.23497916666666668 0.7958703703703703 0.20678125 0.31934259259259257
1 0.474828125 0.7618333333333334 0.20886979166666667 0.4344537037037037
1 0.6628124999999999 0.766787037037037 0.20469270833333333 0.44930555555555557