7 0.0859375 0.6977500000000001 0.17038541666666665 0.4801574074074075
1 0.3627239583333333 0.6666666666666666 0.13318229166666667 0.34391666666666665
1 0.5874270833333333 0.6355833333333333 0.15996875 0.3743425925925926
1 0.654015625 0.34325 0.08928645833333333 0.20502777777777778
1 0.6078854166666667 0.375 0.138390625 0.17592592592592593
1 0.4642864583333333 0.4609814814814815 0.12351041666666666 0.24206481481481482
1 0.3284947916666667 0.42262037037037037 0.11383854166666667 0.1388888888888889
6 0.25 0.4001296296296296 0.08928645833333333 0.21561111111111111
1 0.40439062499999995 0.34524074074074074 0.084078125 0.14814814814814814
2 0.48214062500000004 0.25860185185185186 0.08928645833333333 0.14947222222222223
2 0.03125 0.38425925925925924 0.061010416666666664 0.15475925925925924