4 0.8154739583333334 0.5280925925925927 0.2604166666666667 0.9384537037037036
1 0.5554322916666667 0.5663611111111111 0.15996875 0.2901388888888889
1 0.30878125 0.6139907407407408 0.13988020833333334 0.21606481481481482
6 0.072171875 0.7112777777777778 0.14434375 0.4688425925925926
1 0.31064062499999995 0.4234351851851852 0.11086458333333334 0.1418888888888889
1 0.4293177083333333 0.4122037037037037 0.08630729166666667 0.17228703703703704
1 0.5695677083333333 0.36588888888888893 0.08556770833333333 0.15902777777777777
1 0.6201614583333334 0.2812037037037037 0.10044791666666668 0.13251851851851854
2 0.36346875 0.38905555555555554 0.04241145833333334 0.208
1 0.21986458333333334 0.3817685185185185 0.08109895833333333 0.1907962962962963
2 0.45535937499999996 0.22233333333333333 0.08928645833333333 0.1735