2 0.611609375 0.7483425925925926 0.12946354166666665 0.5033055555555556
1 0.3031979166666667 0.66625 0.12574479166666666 0.2121296296296296
6 0.05803645833333334 0.7251666666666666 0.11607291666666668 0.49134259259259255
5 0.3113854166666667 0.4995277777777778 0.11383854166666667 0.13264814814814813
1 0.44121875 0.4803425925925926 0.068453125 0.18423148148148147
2 0.6205364583333334 0.49822222222222223 0.12946354166666665 0.2543703703703704
7 0.3735104166666667 0.42477777777777775 0.053572916666666665 0.1921388888888889
7 0.21875 0.4175 0.08333333333333333 0.2331574074074074
1 0.6015625 0.3083240740740741 0.07068229166666667 0.07563888888888888
7 0.4408489583333333 0.29377777777777775 0.060265624999999996 0.15766666666666668
5 0.36793229166666663 0.2666481481481482 0.07068229166666667 0.10869444444444444