1 0.6826614583333334 0.6186296296296296 0.11830208333333332 0.296787037037037
2 0.5063229166666666 0.7059907407407408 0.140625 0.5032407407407408
1 0.27827604166666664 0.5617314814814814 0.10863020833333333 0.24382407407407405
6 0.06398958333333334 0.6074166666666666 0.12797395833333333 0.5045092592592593
1 0.03534375 0.260037037037037 0.06919791666666668 0.17219444444444446
1 0.21465625 0.39037962962962963 0.07366145833333333 0.22652777777777777
5 0.33296354166666664 0.3764722222222222 0.08705208333333332 0.14050925925925925
1 0.27939062499999995 0.3162685185185185 0.05431770833333334 0.1470925925925926
1 0.4281979166666667 0.33346296296296296 0.048364583333333336 0.11270370370370371
6 0.3880208333333333 0.2375462962962963 0.06919791666666668 0.17483333333333334
7 0.42782812499999995 0.4929351851851852 0.07291666666666667 0.30200000000000005
7 0.607140625 0.48036111111111107 0.08928645833333333 0.28479629629629627
3 0.5007447916666666 0.24812962962962964 0.07142708333333332 0.14043518518518516
1 0.6435989583333334 0.2997222222222222 0.049109375000000004 0.114