5 0.4516354166666667 0.2203425925925926 0.09672395833333333 0.13777777777777778
5 0.3627239583333333 0.20380555555555557 0.07961458333333334 0.13114814814814812
7 0.21986458333333334 0.35994444444444446 0.078125 0.24767592592592594
1 0.064734375 0.6371666666666667 0.12648958333333335 0.3867685185185185
1 0.31026562500000004 0.6470833333333333 0.138390625 0.3272314814814815
5 0.5863072916666667 0.6106944444444444 0.16071354166666665 0.33647222222222223
7 0.4293177083333333 0.47241666666666665 0.12351041666666666 0.284787037037037
5 0.3098958333333333 0.40624074074074074 0.08705208333333332 0.14978703703703705
1 0.5866822916666667 0.3599351851851852 0.10193229166666667 0.14712037037037035
1 0.3921145833333333 0.31957407407407407 0.0625 0.10872222222222222
1 0.6060260416666666 0.2382037037037037 0.064734375 0.1047037037037037