3 0.646203125 0.7718240740740742 0.122765625 0.30026851851851855
2 0.5245520833333334 0.7361111111111112 0.13244270833333333 0.28438888888888886
1 0.37128125 0.7010555555555555 0.10863020833333333 0.23809259259259258
1 0.12425520833333333 0.5099166666666667 0.06696354166666667 0.13360185185185183
1 0.06510416666666667 0.5086018518518518 0.06324479166666667 0.09920370370370371
7 0.049109375000000004 0.5873055555555555 0.09821354166666667 0.1428611111111111
2 0.19611979166666668 0.48424074074074075 0.07241145833333333 0.10489814814814816
7 0.210484375 0.7118888888888889 0.17911458333333333 0.3042222222222222
5 0.335125 0.5415185185185185 0.06559895833333333 0.08924074074074073
1 0.40699479166666663 0.5455740740740741 0.059895833333333336 0.10749074074074075
1 0.455765625 0.6109907407407408 0.06388541666666667 0.19977777777777778
1 0.5901041666666667 0.5765092592592592 0.09069791666666666 0.14907407407407408
1 0.6097812499999999 0.4958888888888888 0.03992708333333333 0.05881481481481482
1 0.4497760416666667 0.5232685185185185 0.024526041666666668 0.08518518518518518
1 0.36649479166666665 0.4821944444444444 0.04278125 0.057805555555555554
6 0.4400833333333333 0.46394444444444444 0.06331770833333333 0.09837037037037037
2 0.5036822916666667 0.46597222222222223 0.06616666666666667 0.10242592592592593