6 0.064359375 0.27116666666666667 0.10044791666666668 0.16931481481481483
6 0.09709895833333333 0.619712962962963 0.19419791666666666 0.42989814814814814
6 0.42745312500000004 0.2645462962962963 0.06621875 0.1640185185185185
7 0.5439010416666666 0.27116666666666667 0.07738020833333333 0.13491666666666668
5 0.5390625 0.7037037037037037 0.14508854166666665 0.4444444444444444
5 0.732140625 0.7612407407407408 0.16517708333333334 0.4457685185185185
1 0.6655520833333333 0.4556851851851852 0.12425520833333333 0.22089814814814815
1 0.3895104166666667 0.46296296296296297 0.10640104166666667 0.2804259259259259
1 0.32254687499999996 0.3181203703703704 0.06175520833333333 0.13624074074074072
1 0.2648802083333333 0.4054259259259259 0.09375 0.18386111111111111
5 0.3072916666666667 0.6699722222222223 0.17857291666666666 0.37169444444444444
1 0.48734895833333336 0.4861111111111111 0.10119270833333333 0.31349074074074074
1 0.47246875 0.35450000000000004 0.06994270833333333 0.16931481481481483