5 0.591890625 0.9494074074074074 0.08556770833333333 0.10119444444444445
1 0.4330364583333333 0.9203055555555555 0.075890625 0.15938888888888889
5 0.20386979166666666 0.8984444444444445 0.08333333333333333 0.12625925925925927
6 0.040921874999999996 0.841574074074074 0.08184374999999999 0.24266666666666664
5 0.111234375 0.7615185185185186 0.08258854166666667 0.21218518518518517
1 0.2700885416666667 0.7740833333333333 0.09375 0.21087037037037037
7 0.3723958333333333 0.8640648148148149 0.08109895833333333 0.24532407407407406
7 0.5353437499999999 0.8779722222222223 0.06919791666666668 0.2440462962962963
2 0.34672395833333336 0.7456388888888889 0.080359375 0.1962962962962963
2 0.41034375 0.6311759259259259 0.07068229166666667 0.15786111111111112
6 0.3125 0.6093518518518519 0.07738020833333333 0.18299074074074073
1 0.19977604166666665 0.6973425925925926 0.07366145833333333 0.20553703703703702