1 0.049479166666666664 0.7006481481481482 0.060265624999999996 0.17775
6 0.11272395833333333 0.6801388888888888 0.07068229166666667 0.16053703703703703
1 0.38467187500000005 0.7667962962962963 0.07886979166666667 0.1301574074074074
2 0.43266145833333336 0.7747314814814815 0.04390104166666667 0.12487037037037038
1 0.39546354166666664 0.8938148148148148 0.04390104166666667 0.11699999999999999
1 0.5093020833333334 0.9143240740740741 0.05878125 0.11833333333333333
1 0.32217187500000005 0.8627222222222223 0.068453125 0.12624074074074074
1 0.2767864583333333 0.9493796296296295 0.04613020833333333 0.08527777777777777
1 0.24516145833333333 0.8177407407407407 0.052828125000000004 0.1500277777777778
1 0.2957604166666667 0.7694444444444445 0.045385416666666664 0.1592685185185185
2 0.375 0.8481666666666666 0.037203125000000004 0.11564814814814815