5 0.7265625 0.6814907407407408 0.17336458333333335 0.38282407407407404
5 0.5420364583333334 0.6325185185185185 0.165921875 0.27959259259259256
5 0.3091510416666667 0.6351666666666667 0.177828125 0.28752777777777777
5 0.11755729166666667 0.5630555555555555 0.14136979166666666 0.30468518518518517
1 0.2801354166666667 0.4194907407407408 0.078125 0.23712962962962966
2 0.3980677083333333 0.4320648148148148 0.10119270833333333 0.25433333333333336
7 0.4739583333333333 0.5055000000000001 0.09077604166666667 0.28480555555555553
7 0.6458333333333334 0.5273333333333333 0.07886979166666667 0.2782037037037037
6 0.3218020833333333 0.3414166666666667 0.064734375 0.18150925925925926
7 0.46949479166666663 0.38905555555555554 0.07291666666666667 0.20535185185185184
1 0.6715052083333333 0.33478703703703705 0.06770833333333333 0.10740740740740741
7 0.5323645833333334 0.2640092592592593 0.08258854166666667 0.17749074074074073
6 0.4281979166666667 0.25475 0.08705208333333332 0.1695462962962963
6 0.061385416666666665 0.2719537037037037 0.11086458333333334 0.19337962962962962