7 0.033854166666666664 0.53175 0.06770833333333333 0.16931481481481483
1 0.033854166666666664 0.4550277777777778 0.045385416666666664 0.09524074074074074
1 0.099703125 0.46825 0.068453125 0.1428611111111111
6 0.17447916666666666 0.46296296296296297 0.06770833333333333 0.12169444444444445
7 0.17671354166666667 0.6931203703703704 0.15253125 0.29894444444444446
6 0.29464062500000004 0.5601851851851852 0.087796875 0.14682407407407408
1 0.34189062499999995 0.5092592592592593 0.04984895833333333 0.09259259259259259
1 0.3764895833333333 0.575398148148148 0.05952604166666667 0.13491666666666668
7 0.42745312500000004 0.549601851851852 0.03943229166666666 0.09126851851851851
1 0.4322916666666667 0.6316111111111111 0.07440625000000001 0.16005555555555556
1 0.5535729166666666 0.6534351851851852 0.06696354166666667 0.18253703703703703
1 0.2953854166666667 0.7261944444444444 0.162203125 0.26719444444444446
2 0.47470312499999995 0.7619074074074074 0.111609375 0.27249074074074076
3 0.591515625 0.817462962962963 0.10565625000000001 0.2751296296296296
6 0.40625 0.48545370370370367 0.05952604166666667 0.09524074074074074
2 0.4754479166666667 0.5019814814814815 0.0625 0.1045