1 0.06398958333333334 0.5224907407407408 0.09226041666666666 0.12698148148148147
6 0.13727604166666665 0.49934259259259256 0.06919791666666668 0.11508333333333334
1 0.14769270833333334 0.719574074074074 0.17038541666666665 0.26719444444444446
1 0.27939062499999995 0.7797592592592593 0.154015625 0.23676851851851852
5 0.45386979166666663 0.8167962962962962 0.10863020833333333 0.2896851851851852
5 0.5584062500000001 0.8452407407407407 0.103421875 0.25397222222222227
6 0.2682291666666667 0.6223518518518518 0.084078125 0.12830555555555556
5 0.34858854166666664 0.6104537037037037 0.055802083333333335 0.11508333333333334
1 0.41182812500000004 0.6461666666666667 0.04241145833333334 0.18386111111111111
1 0.5230677083333333 0.6593888888888889 0.068453125 0.11772222222222223
7 0.3843020833333333 0.5846574074074073 0.03943229166666666 0.07672222222222222
6 0.3839270833333333 0.5244722222222222 0.04613020833333333 0.09391666666666668
2 0.44605729166666663 0.5350555555555556 0.05878125 0.10185185185185185
7 0.31026562500000004 0.5641574074074074 0.052083333333333336 0.09391666666666668