3 0.5665937499999999 0.8085 0.10788541666666666 0.2823425925925926
5 0.46168229166666663 0.7674814814814814 0.10788541666666666 0.2611481481481482
7 0.2935260416666667 0.7410092592592592 0.16890104166666667 0.25054629629629627
7 0.14434375 0.682138888888889 0.15625 0.2968240740740741
6 0.263765625 0.553787037037037 0.08854166666666667 0.21471296296296294
6 0.38839062500000004 0.48695370370370367 0.037203125000000004 0.12337037037037038
1 0.35528125 0.5709722222222222 0.048364583333333336 0.11680555555555557
1 0.32738020833333337 0.5213518518518518 0.03422395833333333 0.12075
1 0.42261979166666663 0.6126574074074074 0.0625 0.15255555555555556
1 0.5345989583333334 0.6080185185185185 0.057291666666666664 0.13270370370370368
6 0.4505208333333333 0.5008425925925926 0.04390104166666667 0.11412037037037037
6 0.13206770833333334 0.45651851851851855 0.078125 0.13394444444444445
7 0.05505729166666666 0.4710833333333333 0.056546874999999996 0.171