2 0.5598958333333334 0.7178981481481482 0.15253125 0.5376481481481481
2 0.28199479166666663 0.7853796296296297 0.2529739583333333 0.4292314814814815
3 0.27120312500000004 0.5061574074074073 0.05878125 0.2808425925925926
1 0.4360104166666667 0.41021296296296295 0.09672395833333333 0.1497962962962963
1 0.5673385416666666 0.38573148148148145 0.08556770833333333 0.14051851851851851
1 0.622765625 0.30171296296296296 0.10863020833333333 0.15237962962962961
5 0.3020833333333333 0.3566111111111111 0.08928645833333333 0.06375925925925927
4 0.10565625000000001 0.3143240740740741 0.12648958333333335 0.3998055555555556
6 0.45609895833333336 0.2772314814814815 0.08184374999999999 0.11663888888888889
2 0.37797395833333336 0.3950092592592593 0.04761979166666667 0.22255555555555556
6 0.06175520833333333 0.7469814814814815 0.11755729166666667 0.33125925925925925