5 0.03943229166666666 0.2949722222222222 0.07886979166666667 0.1534351851851852
1 0.10602604166666667 0.6223518518518518 0.203125 0.4166666666666667
5 0.36234895833333336 0.5972222222222222 0.19940625 0.35317592592592595
1 0.6086302083333333 0.6408703703703703 0.19642708333333334 0.535712962962963
5 0.4936770833333333 0.18187962962962964 0.10788541666666666 0.12830555555555556
5 0.4029010416666667 0.19576851851851854 0.08556770833333333 0.1587314814814815
1 0.2589270833333333 0.32737962962962963 0.10565625000000001 0.23676851851851852
5 0.33668229166666663 0.35648148148148145 0.10640104166666667 0.16005555555555556
7 0.4300572916666667 0.3220925925925926 0.07886979166666667 0.1653425925925926
1 0.4754479166666667 0.39947222222222223 0.12946354166666665 0.317462962962963
1 0.6302083333333334 0.3082037037037037 0.13392708333333334 0.1455