1 0.6510416666666666 0.5310833333333334 0.17113020833333334 0.4193148148148148
1 0.5613854166666666 0.35582407407407407 0.10193229166666667 0.2486759259259259
2 0.4877239583333333 0.6163981481481482 0.220984375 0.46825
1 0.2734375 0.5813518518518519 0.20758854166666665 0.38491666666666663
5 0.07775520833333333 0.5436481481481481 0.15550520833333334 0.4285740740740741
7 0.204984375 0.3161388888888889 0.115328125 0.20635185185185187
1 0.2935260416666667 0.37962962962962965 0.09746874999999999 0.20635185185185187
1 0.38467187500000005 0.2777777777777778 0.07440625000000001 0.10582407407407408
1 0.4174114583333333 0.3637592592592593 0.12202604166666667 0.2433888888888889
2 0.4516354166666667 0.18320370370370373 0.08184374999999999 0.1256574074074074
5 0.3489583333333333 0.19047222222222224 0.08630729166666667 0.14814814814814814