0 0.638765625 0.6470925925925926 0.146578125 0.41985185185185186
1 0.4575885416666667 0.6391481481481481 0.12053645833333333 0.37221296296296297
1 0.23697916666666666 0.6146574074074075 0.115328125 0.29942592592592593
1 0.06956770833333333 0.5769537037037037 0.13913541666666665 0.3430648148148148
4 0.1328125 0.3202777777777778 0.115328125 0.42230555555555555
1 0.3136145833333333 0.4175 0.08556770833333333 0.23844444444444443
2 0.23363020833333334 0.36325 0.075890625 0.22518518518518518
1 0.3880208333333333 0.32089814814814815 0.05431770833333334 0.12989814814814815
7 0.3984375 0.4810277777777778 0.07961458333333334 0.2940555555555555
1 0.5662187500000001 0.3771388888888889 0.07142708333333332 0.1921111111111111
2 0.6138385416666666 0.2957592592592593 0.041666666666666664 0.10076851851851852
1 0.4527552083333333 0.23225 0.09003125000000001 0.11131481481481481
5 0.36123437500000005 0.22696296296296298 0.060265624999999996 0.1536574074074074