7 0.37016145833333336 0.8527777777777777 0.0007447916666666666 0.000537037037037037
7 0.31733854166666664 0.7138148148148148 0.20163541666666665 0.4388796296296296
7 0.09486458333333332 0.7000277777777778 0.17484895833333333 0.4833888888888888
5 0.6253697916666667 0.6901018518518518 0.20163541666666665 0.48206481481481483
1 0.35453645833333336 0.4082314814814815 0.07961458333333334 0.15905555555555556
7 0.47730729166666663 0.48300925925925925 0.109375 0.3112592592592593
1 0.6592239583333334 0.3619351851851852 0.119046875 0.23047222222222222
6 0.045015625000000004 0.36456481481481484 0.084078125 0.1749074074074074
1 0.28348437499999996 0.35662962962962963 0.07291666666666667 0.17489814814814814
5 0.4330364583333333 0.32487037037037036 0.06994270833333333 0.16694444444444445
7 0.5089270833333334 0.2368888888888889 0.07440625000000001 0.18144444444444446