2 0.6912187500000001 0.762212962962963 0.22767708333333334 0.4543240740740741
2 0.5584062500000001 0.737074074074074 0.10788541666666666 0.48870370370370364
1 0.3121302083333333 0.6292129629629629 0.13020833333333334 0.2623888888888889
5 0.13057812500000002 0.5729814814814815 0.13616145833333335 0.3086666666666667
1 0.2604166666666667 0.37515740740740744 0.125 0.20401851851851852
2 0.39285937499999996 0.4459537037037037 0.06398958333333334 0.25301851851851853
7 0.4769322916666667 0.4988796296296296 0.12202604166666667 0.2795092592592593
7 0.6421145833333333 0.5028611111111111 0.09077604166666667 0.33508333333333334
1 0.4877239583333333 0.3420648148148148 0.060265624999999996 0.12725925925925927
1 0.3307291666666667 0.3295092592592593 0.091515625 0.17091666666666666
7 0.5472447916666667 0.26929629629629626 0.07515104166666667 0.14838888888888888
6 0.42596875 0.2487962962962963 0.084078125 0.16028703703703706
6 0.06621875 0.25144444444444447 0.111609375 0.18939814814814815