2 0.578796875 0.7311111111111112 0.21941666666666665 0.537787037037037
2 0.21563020833333332 0.7635092592592593 0.37073437499999995 0.4729814814814815
4 0.35535416666666664 0.27305555555555555 0.082859375 0.21796296296296297
1 0.3819635416666667 0.4137777777777778 0.1064375 0.20958333333333332
1 0.21759374999999997 0.4383240740740741 0.12530208333333334 0.2323333333333333
2 0.45056770833333337 0.2961481481481481 0.09455729166666667 0.14553703703703705
6 0.2984114583333334 0.5101296296296297 0.11758854166666667 0.26032407407407404
1 0.42007291666666663 0.5324814814814816 0.14791145833333333 0.3181759259259259
7 0.566875 0.48055555555555557 0.13829687499999999 0.28530555555555553
2 0.6241927083333334 0.3740555555555556 0.100578125 0.20378703703703704
2 0.05620833333333333 0.7665185185185186 0.11241145833333334 0.36550925925925926