2 0.024927083333333332 0.40608333333333335 0.04984895833333333 0.13491666666666668
2 0.07849479166666667 0.7361111111111112 0.154015625 0.3743425925925926
1 0.3590052083333333 0.6792314814814815 0.154015625 0.31084259259259256
1 0.5829635416666666 0.6435185185185185 0.17484895833333333 0.37962962962962965
1 0.4542395833333333 0.45304629629629634 0.11681770833333333 0.2632314814814815
1 0.32738020833333337 0.4484166666666667 0.11011979166666667 0.18253703703703703
1 0.6160729166666666 0.42725 0.138390625 0.2513240740740741
1 0.650296875 0.3300277777777778 0.10119270833333333 0.19444444444444445
6 0.23958333333333334 0.4087314814814815 0.08928645833333333 0.20105555555555554
7 0.47060937500000005 0.25528703703703703 0.10044791666666668 0.12434259259259259
7 0.39434375 0.390212962962963 0.04761979166666667 0.20635185185185187