2 0.6826614583333334 0.7615462962962963 0.197171875 0.4450555555555556
1 0.52715625 0.6576666666666666 0.103421875 0.29812962962962963
7 0.2566979166666667 0.6847962962962963 0.205359375 0.3709166666666666
6 0.09114583333333333 0.6093888888888889 0.18229166666666666 0.4211481481481481
1 0.24925520833333334 0.38707407407407407 0.08928645833333333 0.22255555555555556
5 0.37797395833333336 0.39037037037037037 0.09226041666666666 0.1894722222222222
7 0.4672604166666667 0.5147592592592594 0.09672395833333333 0.2821666666666667
7 0.6395104166666666 0.49689814814814814 0.08705208333333332 0.30200000000000005
2 0.31324479166666663 0.34406481481481477 0.07291666666666667 0.18150925925925926
7 0.45907812499999995 0.36919444444444444 0.07142708333333332 0.15241666666666667
2 0.5386927083333333 0.25805555555555554 0.07738020833333333 0.16028703703703706
6 0.4207604166666667 0.23952777777777778 0.07515104166666667 0.15762962962962965
6 0.055802083333333335 0.25607407407407407 0.11011979166666667 0.17219444444444446