5 0.5639895833333333 0.8207685185185185 0.11607291666666668 0.2738055555555555
5 0.4534947916666667 0.7586018518518518 0.11979166666666667 0.26587037037037037
7 0.27715625 0.7466944444444444 0.16741145833333335 0.24206481481481482
1 0.15699479166666666 0.6772499999999999 0.16071354166666665 0.25397222222222227
6 0.142859375 0.4708981481481481 0.07440625000000001 0.10846296296296297
1 0.07142708333333332 0.4781759259259259 0.07291666666666667 0.1256574074074074
6 0.27157812499999995 0.589287037037037 0.08333333333333333 0.14153703703703704
2 0.3191979166666667 0.5350555555555556 0.0625 0.09656481481481483
5 0.3590052083333333 0.5734166666666667 0.06770833333333333 0.11772222222222223
1 0.4233645833333333 0.6031759259259258 0.05803645833333334 0.10317592592592593
2 0.52715625 0.6322777777777778 0.07515104166666667 0.11639814814814814
1 0.5517135416666666 0.557537037037037 0.029015625 0.03306481481481482
2 0.44940625 0.5033055555555556 0.061010416666666664 0.08598148148148148
6 0.37922395833333333 0.4900277777777778 0.052609375 0.0895