3 0.7135416666666666 0.7813888888888889 0.17857291666666666 0.4106666666666666
2 0.5535729166666666 0.7456666666666667 0.14136979166666666 0.434462962962963
1 0.32105729166666663 0.5888611111111112 0.12871875 0.3219074074074074
5 0.15476041666666665 0.47837037037037033 0.11458333333333333 0.2596574074074074
1 0.37202604166666664 0.4155185185185185 0.130953125 0.20537037037037037
7 0.4761927083333333 0.5193888888888889 0.10119270833333333 0.27555555555555555
7 0.6536458333333334 0.51675 0.10491145833333333 0.2940740740740741
7 0.45907812499999995 0.391037037037037 0.07291666666666667 0.1828611111111111
1 0.29761979166666663 0.3103148148148148 0.06994270833333333 0.14576851851851852
2 0.5364583333333334 0.25475 0.07886979166666667 0.1907222222222222
6 0.42671354166666664 0.24945370370370373 0.05878125 0.1616111111111111
6 0.053572916666666665 0.24614814814814812 0.107140625 0.17350925925925925