4 0.10677083333333333 0.29364814814814816 0.12723437499999998 0.3068796296296296
1 0.22358854166666667 0.3723518518518518 0.10491145833333333 0.244712962962963
1 0.30245312500000004 0.39549999999999996 0.10193229166666667 0.16666666666666666
5 0.09449479166666667 0.630287037037037 0.17708333333333334 0.41137962962962965
5 0.34970312499999995 0.6428611111111111 0.14583333333333334 0.32010185185185186
5 0.5770104166666666 0.6091296296296297 0.18378125 0.3928611111111111
5 0.3705364583333333 0.2295 0.087796875 0.16005555555555556
5 0.4661458333333333 0.22817592592592592 0.09449479166666667 0.12830555555555556
7 0.39769270833333337 0.35582407407407407 0.09895833333333333 0.17725000000000002
7 0.44754687499999996 0.46891666666666665 0.13616145833333335 0.2632314814814815
1 0.6045364583333334 0.35912962962962963 0.11383854166666667 0.1309537037037037