3 0.609375 0.801212962962963 0.09523958333333334 0.22014814814814815
3 0.4936770833333333 0.791962962962963 0.08854166666666667 0.2968796296296296
1 0.3136145833333333 0.6973425925925926 0.06919791666666668 0.18171296296296297
7 0.1796875 0.6880833333333334 0.13020833333333334 0.25315740740740744
1 0.4505208333333333 0.6139722222222223 0.04984895833333333 0.10757407407407409
6 0.32328645833333336 0.5623703703703704 0.08109895833333333 0.11018518518518519
6 0.3828125 0.57825 0.046875 0.13930555555555554
1 0.3470989583333333 0.5127499999999999 0.036458333333333336 0.08766666666666667
1 0.5520833333333334 0.6444166666666666 0.061010416666666664 0.17903703703703705
6 0.41890104166666664 0.48826851851851855 0.044640624999999996 0.09955555555555555
2 0.4769322916666667 0.48695370370370367 0.061010416666666664 0.13924999999999998
7 0.173734375 0.4690925925925926 0.064734375 0.12998148148148148
1 0.111234375 0.49225 0.072171875 0.1445462962962963
7 0.04315625 0.5603981481481481 0.08333333333333333 0.18296296296296297