1 0.6692708333333334 0.7396944444444444 0.13020833333333334 0.27965740740740735
1 0.4698645833333333 0.7171944444444445 0.12723437499999998 0.2584722222222222
1 0.2604166666666667 0.7264537037037038 0.11755729166666667 0.2478888888888889
3 0.07701041666666668 0.7053055555555555 0.14955208333333334 0.36960185185185185
1 0.18861458333333334 0.5312870370370371 0.07663541666666666 0.1802962962962963
2 0.24590625 0.4598240740740741 0.078125 0.12468518518518518
1 0.31435937500000005 0.5167314814814815 0.07663541666666666 0.18558333333333335
7 0.4036458333333333 0.6245925925925926 0.084078125 0.2742777777777778
1 0.38206770833333337 0.46512037037037035 0.040921874999999996 0.09557407407407408
1 0.36644270833333337 0.36389814814814814 0.06770833333333333 0.11272222222222222
2 0.4654010416666667 0.38507407407407407 0.08556770833333333 0.13389814814814816
7 0.579984375 0.5828981481481481 0.08258854166666667 0.2650092592592592
1 0.6413697916666667 0.41616666666666663 0.08928645833333333 0.15905555555555556