5 0.7473958333333334 0.733462962962963 0.18675520833333334 0.4589907407407407
1 0.5576614583333334 0.6507962962962963 0.19568229166666665 0.4444444444444444
1 0.3292395833333333 0.5972222222222222 0.17336458333333335 0.3478796296296296
1 0.14322916666666666 0.5376944444444445 0.18080208333333334 0.34524074074074074
1 0.2901770833333333 0.35185185185185186 0.08184374999999999 0.17195370370370372
1 0.4077395833333333 0.4087314814814815 0.087796875 0.25925925925925924
1 0.6796875 0.42327777777777775 0.12128125000000001 0.24074074074074073
1 0.7306562499999999 0.3207685185185185 0.05952604166666667 0.18121296296296296
1 0.48921354166666664 0.27182407407407405 0.052828125000000004 0.1045
1 0.5223229166666666 0.3730185185185185 0.09523958333333334 0.20105555555555554
6 0.4456822916666667 0.2248703703703704 0.08184374999999999 0.16137962962962962
7 0.5651041666666666 0.2374351851851852 0.09746874999999999 0.15212037037037035
7 0.34449479166666663 0.3035740740740741 0.06994270833333333 0.15475925925925924
7 0.06882291666666666 0.23346296296296296 0.11383854166666667 0.12301851851851853