0 0.6473229166666666 0.5048888888888888 0.212796875 0.6407314814814815
5 0.43824479166666663 0.6040925925925925 0.17113020833333334 0.4290925925925926
1 0.22581770833333334 0.5504907407407407 0.13318229166666667 0.3324722222222222
1 0.060265624999999996 0.4988888888888888 0.12053645833333333 0.3456666666666667
1 0.27269270833333337 0.3751481481481482 0.10193229166666667 0.16168518518518518
1 0.37314062499999995 0.2812037037037037 0.045385416666666664 0.11399074074074074
1 0.4203854166666667 0.32487037037037036 0.05505729166666666 0.12195370370370372
1 0.541296875 0.35000925925925924 0.06324479166666667 0.1431388888888889
5 0.4300572916666667 0.18527777777777776 0.075890625 0.12055555555555554
5 0.3392864583333333 0.19387962962962962 0.04613020833333333 0.1483425925925926
1 0.19642708333333334 0.2884907407407407 0.08630729166666667 0.19471296296296295