1 0.7581822916666667 0.7516111111111111 0.14732291666666666 0.3563981481481482
5 0.541296875 0.701324074074074 0.154015625 0.2981574074074074
2 0.3541666666666667 0.7608888888888888 0.09821354166666667 0.4357962962962963
1 0.111234375 0.6616203703703704 0.11830208333333332 0.22932407407407407
1 0.27567187499999996 0.5114444444444445 0.078125 0.2014537037037037
6 0.08965624999999999 0.4128611111111111 0.08258854166666667 0.17625925925925928
1 0.4036458333333333 0.4968796296296296 0.09746874999999999 0.1432314814814815
1 0.33035937499999996 0.4009537037037037 0.07291666666666667 0.1683148148148148
1 0.5279010416666667 0.4829814814814815 0.057291666666666664 0.1101388888888889
1 0.4776770833333333 0.453212962962963 0.05803645833333334 0.1432037037037037
1 0.4575885416666667 0.33412962962962967 0.0625 0.14842592592592593
3 0.560640625 0.34273148148148147 0.07961458333333334 0.1365185185185185
7 0.6588541666666666 0.5729722222222222 0.06621875 0.2636759259259259
1 0.6793177083333333 0.3870462962962963 0.056546874999999996 0.08759259259259258