1 0.6577395833333333 0.6675925925925926 0.14136979166666666 0.34974074074074074
1 0.47098437499999996 0.6867777777777778 0.12202604166666667 0.3431296296296296
1 0.20721875 0.7211759259259259 0.15104166666666666 0.34050925925925923
1 0.06510416666666667 0.6371666666666667 0.122765625 0.38941666666666663
1 0.17819791666666665 0.4446203703703704 0.10491145833333333 0.20274074074074075
1 0.24590625 0.3983055555555556 0.06324479166666667 0.1709537037037037
1 0.3113854166666667 0.47837037037037033 0.06324479166666667 0.2675925925925926
1 0.43564062499999995 0.4446203703703704 0.046875 0.15246296296296297
1 0.38653125 0.39632407407407405 0.055802083333333335 0.1590462962962963
7 0.5732864583333334 0.5074907407407407 0.06919791666666668 0.3152407407407407
2 0.46391145833333336 0.29775 0.06175520833333333 0.1603148148148148
1 0.3619791666666667 0.28252777777777777 0.06770833333333333 0.14575