5 0.6130937500000001 0.6973796296296296 0.13392708333333334 0.4331111111111111
1 0.4073645833333333 0.6973611111111111 0.11830208333333332 0.3060925925925926
7 0.11458333333333333 0.7284722222222222 0.174109375 0.4609166666666667
1 0.29761979166666663 0.43006481481481484 0.07291666666666667 0.18685185185185185
1 0.2983645833333333 0.387037037037037 0.0014895833333333332 0.0076759259259259255
1 0.36346875 0.4796759259259259 0.08109895833333333 0.15380555555555556
1 0.4955364583333333 0.5187222222222222 0.07142708333333332 0.2557037037037037
1 0.6551354166666666 0.42476851851851855 0.11681770833333333 0.17626851851851852
5 0.4438229166666667 0.3844074074074074 0.05133854166666666 0.14051851851851851
6 0.05431770833333334 0.42476851851851855 0.08928645833333333 0.16303703703703704
1 0.5126510416666666 0.27988888888888885 0.08333333333333333 0.1827962962962963