1 0.658109375 0.8439166666666666 0.17336458333333335 0.31216666666666665
1 0.5747760416666666 0.6666666666666666 0.11383854166666667 0.2513240740740741
1 0.5896562500000001 0.5145462962962963 0.06324479166666667 0.07672222222222222
1 0.37016145833333336 0.4887592592592593 0.09003125000000001 0.1574074074074074
1 0.18266145833333333 0.6613796296296296 0.10788541666666666 0.21957407407407406
1 0.2563229166666667 0.8267222222222222 0.18675520833333334 0.3359814814814815
2 0.47581770833333337 0.84325 0.18675520833333334 0.31349074074074074
1 0.41890104166666664 0.6660092592592592 0.08482291666666668 0.2526481481481482
1 0.31064062499999995 0.6038333333333333 0.07068229166666667 0.13360185185185183
1 0.390625 0.5859814814814815 0.052083333333333336 0.11904629629629629
7 0.4713541666666667 0.5019814814814815 0.078125 0.14947222222222223
7 0.2507447916666667 0.5595277777777777 0.061010416666666664 0.09787962962962962
1 0.0625 0.8306851851851852 0.125 0.33862037037037035