1 0.7433020833333334 0.6510462962962963 0.13392708333333334 0.32458333333333333
2 0.517859375 0.7218888888888889 0.13244270833333333 0.556212962962963
1 0.28422395833333336 0.6173148148148149 0.11755729166666667 0.3497037037037037
1 0.068078125 0.5538055555555556 0.12723437499999998 0.354962962962963
1 0.04203645833333333 0.26004629629629633 0.07663541666666666 0.2118888888888889
5 0.24628125 0.3771388888888889 0.08482291666666668 0.1841759259259259
1 0.3426354166666667 0.3897129629629629 0.08705208333333332 0.21197222222222223
7 0.4468020833333333 0.4975555555555556 0.07663541666666666 0.2768611111111111
7 0.6253697916666667 0.46912037037037035 0.09003125000000001 0.31522222222222224
1 0.4438229166666667 0.3295 0.040921874999999996 0.10740740740740741
1 0.2886927083333333 0.30171296296296296 0.05803645833333334 0.13385185185185186
6 0.3988072916666667 0.24549074074074073 0.053572916666666665 0.1695462962962963
7 0.5033489583333333 0.25540740740740736 0.06621875 0.15499074074074073
1 0.658109375 0.28318518518518515 0.06324479166666667 0.10208333333333333