1 0.4609375 0.7456203703703703 0.045385416666666664 0.11426851851851852
6 0.39620312500000004 0.7264351851851851 0.040921874999999996 0.10499074074074075
3 0.3270104166666667 0.7760555555555555 0.04390104166666667 0.12750925925925927
1 0.2879479166666667 0.7734166666666666 0.053572916666666665 0.1804351851851852
1 0.16555208333333335 0.8382499999999999 0.06175520833333333 0.13019444444444445
1 0.31807812500000004 0.929537037037037 0.057291666666666664 0.11172222222222222
1 0.37016145833333336 0.8177407407407407 0.04984895833333333 0.1367962962962963
5 0.4166666666666667 0.7945833333333333 0.037203125000000004 0.1169351851851852
1 0.5472447916666667 0.8925 0.052828125000000004 0.1540462962962963
7 0.4144322916666667 0.9083796296296296 0.08333333333333333 0.17787037037037037
3 0.16555208333333335 0.6589629629629629 0.060265624999999996 0.11553703703703704
1 0.09300520833333333 0.6860925925925926 0.07440625000000001 0.15392592592592594