5 0.5855677083333333 0.9384907407407408 0.09077604166666667 0.12301851851851853
5 0.46949479166666663 0.9173240740740741 0.11607291666666668 0.1653425925925926
1 0.30245312500000004 0.9001296296296296 0.14508854166666665 0.19444444444444445
1 0.162203125 0.8478796296296297 0.15476041666666665 0.2910092592592593
6 0.162203125 0.6316111111111111 0.0625 0.10978703703703703
1 0.09746874999999999 0.6421944444444445 0.06398958333333334 0.11772222222222223
1 0.030135416666666668 0.608462962962963 0.052828125000000004 0.07672222222222222
2 0.026786458333333332 0.7030462962962962 0.053572916666666665 0.17327777777777775
1 0.29092187500000005 0.7440462962962964 0.061010416666666664 0.10713888888888888
7 0.33779687500000005 0.71825 0.061010416666666664 0.1111111111111111
1 0.37685937500000005 0.7764537037037037 0.06621875 0.16137962962962962
2 0.41703645833333336 0.8478796296296297 0.078125 0.18253703703703703
1 0.5439010416666666 0.8359814814814815 0.09821354166666667 0.15079629629629632
1 0.584078125 0.7771203703703703 0.04315625 0.07275
1 0.47284375 0.6964259259259259 0.06621875 0.10713888888888888
7 0.4174114583333333 0.7374351851851851 0.04761979166666667 0.09656481481481483
6 0.4073645833333333 0.6673240740740741 0.060265624999999996 0.09391666666666668