2 0.6294635416666666 0.7562592592592593 0.18898958333333335 0.4318240740740741
2 0.5033489583333333 0.7225185185185186 0.146578125 0.4781111111111111
1 0.248140625 0.578925925925926 0.154015625 0.23854629629629628
5 0.05803645833333334 0.5379351851851852 0.11309374999999999 0.418462962962963
1 0.12425520833333333 0.36589814814814814 0.12648958333333335 0.18813888888888888
1 0.3121302083333333 0.3678796296296296 0.06919791666666668 0.17358333333333334
7 0.42559375 0.45655555555555555 0.10416666666666667 0.33770370370370373
1 0.6049114583333334 0.4075740740740741 0.087796875 0.1736111111111111
1 0.2526041666666667 0.303037037037037 0.07366145833333333 0.1603148148148148
1 0.41815625 0.2891481481481481 0.07886979166666667 0.17221296296296298
6 0.3738854166666667 0.22233333333333333 0.08109895833333333 0.15233333333333335
2 0.4955364583333333 0.21438888888888888 0.10416666666666667 0.17349074074074075