2 0.7306562499999999 0.6490555555555556 0.11458333333333333 0.25446296296296295
5 0.5539427083333333 0.6609722222222223 0.13616145833333335 0.310037037037037
7 0.251859375 0.6927407407407407 0.158484375 0.3867962962962963
6 0.08258854166666667 0.6385000000000001 0.16517708333333334 0.43439814814814814
1 0.2607864583333333 0.3758148148148148 0.07515104166666667 0.1921111111111111
5 0.3813229166666667 0.4155185185185185 0.09449479166666667 0.2556481481481482
7 0.4672604166666667 0.5074814814814815 0.09672395833333333 0.2861296296296296
1 0.6450885416666666 0.44925 0.080359375 0.1881851851851852
1 0.6796875 0.34008333333333335 0.052828125000000004 0.09153703703703704
2 0.47172395833333336 0.36721296296296296 0.061010416666666664 0.14050925925925925
7 0.5379479166666666 0.2739259259259259 0.07291666666666667 0.14441666666666667
6 0.42484895833333336 0.25805555555555554 0.07291666666666667 0.15235185185185185
1 0.3177083333333333 0.3334814814814815 0.06994270833333333 0.20002777777777778
6 0.06398958333333334 0.2554166666666667 0.12797395833333333 0.18939814814814815