4 0.099703125 0.29762037037037037 0.14732291666666666 0.3862407407407407
2 0.07068229166666667 0.6798981481481481 0.14136979166666666 0.46825
2 0.3080364583333333 0.6448425925925926 0.20238020833333334 0.35582407407407407
2 0.564734375 0.6779074074074074 0.21726041666666665 0.5277777777777778
2 0.4468020833333333 0.22685185185185186 0.078125 0.1309537037037037
2 0.3530520833333333 0.21362037037037038 0.08258854166666667 0.15475925925925924
2 0.6004479166666666 0.2625648148148148 0.10565625000000001 0.10978703703703703
1 0.5874270833333333 0.3465648148148148 0.14806770833333335 0.12434259259259259
1 0.42596875 0.4411388888888889 0.134671875 0.26058333333333333
1 0.3783489583333333 0.3207685185185185 0.08705208333333332 0.12830555555555556
1 0.205359375 0.35317592592592595 0.10267708333333332 0.21428703703703705
5 0.29203645833333336 0.39219444444444446 0.10640104166666667 0.1388888888888889