3 0.5807291666666666 0.8250277777777778 0.115328125 0.23075
5 0.4516354166666667 0.7621851851851852 0.08928645833333333 0.2876018518518519
1 0.30766145833333336 0.73175 0.10491145833333333 0.2478888888888889
1 0.150296875 0.6827962962962962 0.16666666666666666 0.2637407407407407
6 0.2700885416666667 0.5438518518518519 0.08333333333333333 0.16839814814814816
1 0.36160937499999996 0.5736203703703704 0.07142708333333332 0.11680555555555557
1 0.4185260416666667 0.6179537037037037 0.05878125 0.1737314814814815
7 0.52715625 0.6602962962962963 0.060265624999999996 0.2028611111111111
2 0.45238020833333337 0.49290740740740746 0.044640624999999996 0.11147222222222222
6 0.38355729166666663 0.47174074074074074 0.045385416666666664 0.12468518518518518
6 0.13988020833333334 0.4479166666666667 0.08482291666666668 0.1326111111111111
2 0.31956770833333337 0.5319444444444444 0.03199479166666667 0.13662962962962963
1 0.064734375 0.4624814814814815 0.07440625000000001 0.16702777777777778