6 0.0703125 0.6150833333333333 0.095984375 0.18253703703703703
5 0.17522395833333335 0.6481481481481481 0.11979166666666667 0.2910092592592593
5 0.09300520833333333 0.8485462962962963 0.17261979166666666 0.2896851851851852
5 0.5978437499999999 0.44510185185185186 0.03496875 0.09126851851851851
3 0.6551354166666666 0.46494444444444444 0.06175520833333333 0.11508333333333334
3 0.7328854166666667 0.5066111111111111 0.0625 0.1428611111111111
5 0.8058020833333334 0.5390185185185185 0.07440625000000001 0.13360185185185183
5 0.5866822916666667 0.5939166666666666 0.103421875 0.21693518518518518
1 0.541296875 0.5006574074074075 0.05431770833333334 0.11508333333333334
6 0.6938229166666667 0.5820092592592593 0.10788541666666666 0.19047222222222224
6 0.786828125 0.6891574074074074 0.11979166666666667 0.2222222222222222
2 0.6607135416666666 0.8637592592592592 0.23511979166666666 0.27249074074074076
5 0.38504687499999996 0.6481481481481481 0.10193229166666667 0.359787037037037
5 0.36644270833333337 0.4662685185185185 0.057291666666666664 0.09920370370370371
4 0.8753697916666667 0.4431203703703704 0.04241145833333334 0.20105555555555554