1 0.17298958333333334 0.8121666666666667 0.15253125 0.3148148148148148
1 0.38653125 0.5548981481481481 0.078125 0.1653425925925926
1 0.3794635416666667 0.4411388888888889 0.029760416666666668 0.054231481481481485
1 0.5379479166666666 0.505287037037037 0.0625 0.1428611111111111
1 0.5885416666666666 0.5621666666666667 0.10565625000000001 0.19312037037037036
1 0.6886145833333334 0.5621666666666667 0.08854166666666667 0.1587314814814815
1 0.7924114583333334 0.501324074074074 0.08928645833333333 0.12698148148148147
1 0.609375 0.45105555555555554 0.037203125000000004 0.06349074074074074
5 0.7183802083333333 0.46693518518518523 0.06324479166666667 0.10582407407407408
3 0.6569947916666667 0.47950000000000004 0.04613020833333333 0.08862037037037036
6 0.775296875 0.6507962962962963 0.11011979166666667 0.18783333333333335
5 0.6689010416666666 0.8326759259259259 0.17113020833333334 0.3293611111111111
6 0.123140625 0.5998703703703704 0.08705208333333332 0.17327777777777775
6 0.22246875 0.6130925925925926 0.09821354166666667 0.1970925925925926