5 0.6685260416666666 0.8223981481481482 0.14806770833333335 0.31542592592592594
5 0.18340625 0.8078333333333334 0.08556770833333333 0.26778703703703705
1 0.21577604166666667 0.6073611111111111 0.07142708333333332 0.12874074074074074
1 0.138765625 0.5835462962962963 0.06324479166666667 0.1763611111111111
5 0.39434375 0.5756111111111111 0.06547395833333333 0.17105555555555557
5 0.5848229166666666 0.5696574074074074 0.09077604166666667 0.16973148148148148
5 0.6953125 0.5623796296296296 0.07366145833333333 0.1869259259259259
3 0.6532760416666666 0.49487962962962967 0.023807291666666668 0.06515740740740741
1 0.6086302083333333 0.46114814814814814 0.044640624999999996 0.09292592592592593
5 0.5476197916666667 0.4948888888888889 0.05803645833333334 0.1366111111111111
1 0.7228437499999999 0.4439444444444444 0.04241145833333334 0.10614814814814814
5 0.810265625 0.5147407407407407 0.08333333333333333 0.12603703703703703
6 0.7994791666666666 0.6583055555555556 0.09003125000000001 0.19889814814814816