2 0.05171354166666667 0.8581111111111112 0.09895833333333333 0.22812037037037036
5 0.15885416666666666 0.7284351851851852 0.08705208333333332 0.16453703703703704
6 0.084078125 0.703287037037037 0.0625 0.15922222222222224
1 0.3831822916666667 0.633824074074074 0.05803645833333334 0.12346296296296297
5 0.37871875 0.5398703703703703 0.04761979166666667 0.06783333333333334
1 0.588171875 0.6410925925925925 0.04390104166666667 0.10890740740740741
1 0.5944947916666667 0.5246574074074074 0.029760416666666668 0.07444444444444445
6 0.681546875 0.90575 0.09523958333333334 0.18849074074074074
6 0.8002239583333334 0.7681296296296297 0.07366145833333333 0.18837037037037035
3 0.6960572916666667 0.7046111111111111 0.07366145833333333 0.1327685185185185
5 0.8084062500000001 0.6047222222222223 0.09449479166666667 0.2001851851851852
6 0.7105677083333333 0.5775925925925925 0.068453125 0.14062962962962963
6 0.549109375 0.5544259259259259 0.044640624999999996 0.10224074074074074
5 0.640625 0.5372222222222223 0.040177083333333335 0.12343518518518519