1 0.18489583333333334 0.6999814814814815 0.072171875 0.1287962962962963
6 0.23883854166666665 0.5590648148148147 0.09077604166666667 0.1565
1 0.16331770833333334 0.5418611111111111 0.06919791666666668 0.13266666666666665
5 0.42745312500000004 0.526 0.08705208333333332 0.21469444444444444
1 0.40401562500000004 0.3916851851851852 0.04315625 0.09421296296296296
6 0.71875 0.8250462962962962 0.130953125 0.3313055555555556
6 0.8396562500000001 0.6206018518518519 0.09003125000000001 0.19489814814814815
5 0.6354166666666666 0.5094537037037037 0.06398958333333334 0.18425
3 0.716890625 0.5279722222222223 0.06770833333333333 0.14721296296296296
5 0.8165937499999999 0.4710740740740741 0.06770833333333333 0.1101388888888889
5 0.5673385416666666 0.4446203703703704 0.060265624999999996 0.16039814814814815
1 0.6316979166666666 0.3903611111111111 0.04761979166666667 0.08891666666666667
3 0.6915937499999999 0.43931481481481477 0.04241145833333334 0.0862962962962963
1 0.036458333333333336 0.739037037037037 0.07291666666666667 0.2783333333333334