5 0.3958333333333333 0.5925925925925926 0.08482291666666668 0.20635185185185187
5 0.37425520833333337 0.4623055555555556 0.05059375 0.07010185185185185
5 0.5465052083333333 0.5119074074074074 0.057291666666666664 0.13491666666666668
5 0.5948645833333334 0.4583333333333333 0.03496875 0.10713888888888888
5 0.6532760416666666 0.4398148148148148 0.03869270833333334 0.09920370370370371
5 0.7213541666666666 0.48412962962962963 0.05878125 0.1322777777777778
5 0.7901770833333334 0.5039722222222222 0.052083333333333336 0.11375925925925925
5 0.6164427083333333 0.5515833333333333 0.06621875 0.1587314814814815
3 0.6994062499999999 0.5992037037037037 0.05505729166666666 0.09259259259259259
6 0.7797604166666667 0.6421944444444445 0.12351041666666666 0.18121296296296296
6 0.6781979166666667 0.8597870370370371 0.17484895833333333 0.2804259259259259
6 0.21168229166666666 0.6541018518518518 0.10193229166666667 0.21031481481481482
6 0.13653125 0.6230185185185185 0.07515104166666667 0.1322777777777778
1 0.15178645833333335 0.8458981481481482 0.18898958333333335 0.29762037037037037