1 0.10044791666666668 0.8131203703703703 0.099703125 0.22544444444444445
5 0.20238020833333334 0.6576574074074074 0.10565625000000001 0.23990740740740743
6 0.12239583333333333 0.6212592592592593 0.09300520833333333 0.17505555555555555
6 0.6715052083333333 0.8733240740740741 0.11979166666666667 0.22945370370370372
6 0.8002239583333334 0.7072685185185186 0.10491145833333333 0.19362962962962962
3 0.6882447916666667 0.6325000000000001 0.06398958333333334 0.13669444444444445
6 0.5844479166666667 0.5921481481481481 0.064734375 0.1591574074074074
5 0.8002239583333334 0.5451759259259259 0.07068229166666667 0.14193518518518516
1 0.724328125 0.4730648148148148 0.05133854166666666 0.1590925925925926
1 0.5435260416666666 0.5041481481481481 0.055802083333333335 0.10486111111111111
5 0.5963541666666666 0.473712962962963 0.037947916666666665 0.08896296296296297
6 0.6592239583333334 0.4783611111111111 0.049109375000000004 0.1643888888888889