6 0.10565625000000001 0.6369074074074074 0.07886979166666667 0.16269444444444445
5 0.193453125 0.6488055555555556 0.10863020833333333 0.244712962962963
5 0.3828125 0.5740740740740741 0.08109895833333333 0.17460185185185184
5 0.5855677083333333 0.6064814814814815 0.10267708333333332 0.19179629629629627
5 0.6793177083333333 0.46561111111111114 0.05952604166666667 0.07672222222222222
5 0.595609375 0.4742037037037037 0.048364583333333336 0.08333333333333333
5 0.7347447916666667 0.5324074074074074 0.052828125000000004 0.13624074074074072
5 0.8058020833333334 0.5608425925925926 0.08184374999999999 0.09787962962962962
1 0.6703854166666667 0.5925925925925926 0.09672395833333333 0.1640185185185185
5 0.36234895833333336 0.4973518518518518 0.04613020833333333 0.10582407407407408
6 0.7823645833333334 0.7017222222222222 0.10640104166666667 0.20502777777777778
6 0.6722447916666667 0.8710277777777778 0.18378125 0.25793518518518516
2 0.10230729166666667 0.8703703703703703 0.177828125 0.2486759259259259