5 0.03199479166666667 0.7652129629629629 0.056546874999999996 0.14947222222222223
5 0.10602604166666667 0.8082037037037038 0.07515104166666667 0.2698425925925926
5 0.21465625 0.8280462962962962 0.122765625 0.2433888888888889
5 0.3270104166666667 0.7242037037037037 0.08109895833333333 0.17327777777777775
5 0.536828125 0.7400833333333333 0.10491145833333333 0.23148148148148148
5 0.50371875 0.65675 0.03869270833333334 0.1256574074074074
5 0.5654739583333334 0.6011944444444444 0.03125 0.07010185185185185
5 0.755953125 0.7050277777777777 0.08184374999999999 0.15079629629629632
1 0.6941979166666666 0.660712962962963 0.07291666666666667 0.15475925925925924
1 0.6220260416666666 0.608462962962963 0.061010416666666664 0.09787962962962962
1 0.6633177083333333 0.7433888888888889 0.09895833333333333 0.16137962962962962
1 0.32440625 0.5873055555555555 0.041666666666666664 0.07407407407407407