1 0.11793229166666667 0.6801296296296296 0.04984895833333333 0.13672222222222222
5 0.193453125 0.6913796296296297 0.09226041666666666 0.15922222222222224
1 0.15290104166666665 0.8362685185185185 0.07663541666666666 0.15004629629629632
5 0.3344479166666667 0.5808981481481481 0.045385416666666664 0.14725
5 0.4095989583333333 0.645074074074074 0.05431770833333334 0.14596296296296296
1 0.533109375 0.5888333333333334 0.036458333333333336 0.09962037037037037
3 0.609375 0.570962962962963 0.032739583333333336 0.09299074074074075
5 0.583703125 0.6609537037037038 0.06919791666666668 0.16978703703703704
5 0.6707604166666666 0.6384537037037037 0.06324479166666667 0.12743518518518518
1 0.78125 0.5815555555555556 0.040177083333333335 0.1221111111111111
6 0.8117552083333333 0.7489444444444444 0.075890625 0.1764537037037037
2 0.6796875 0.8336296296296297 0.084078125 0.20825925925925926
1 0.689734375 0.5458240740740741 0.03125 0.06387037037037037
1 0.6514114583333334 0.5273055555555556 0.048364583333333336 0.09825925925925927