4 0.8604895833333334 0.501324074074074 0.040921874999999996 0.17989814814814814
2 0.65625 0.519175925925926 0.06398958333333334 0.12301851851851853
2 0.595609375 0.5125648148148149 0.046875 0.08598148148148148
1 0.5833333333333334 0.6620370370370371 0.10119270833333333 0.21561111111111111
3 0.07142708333333332 0.855824074074074 0.119046875 0.19047222222222224
3 0.6912187500000001 0.6805555555555556 0.09672395833333333 0.14153703703703704
5 0.8084062500000001 0.5813518518518519 0.048364583333333336 0.1388888888888889
6 0.751859375 0.5582037037037038 0.07068229166666667 0.1534351851851852
6 0.07403124999999999 0.6832037037037038 0.08109895833333333 0.18121296296296296
5 0.174109375 0.7215648148148148 0.10416666666666667 0.2632314814814815
1 0.7901770833333334 0.7380925925925926 0.12053645833333333 0.21957407407407406
2 0.6689010416666666 0.8955 0.15922395833333333 0.20899074074074075
5 0.3909947916666667 0.7208981481481482 0.115328125 0.3915370370370371
5 0.3813229166666667 0.5059537037037036 0.052828125000000004 0.05687962962962963
6 0.5345989583333334 0.5568796296296296 0.06919791666666668 0.12169444444444445