1 0.37314062499999995 0.6192592592592592 0.04984895833333333 0.09963888888888889
1 0.3567708333333333 0.5286203703703704 0.05133854166666666 0.06649999999999999
5 0.19382291666666665 0.6695462962962964 0.07515104166666667 0.15524074074074073
5 0.11086458333333334 0.6854166666666667 0.07142708333333332 0.10232407407407408
5 0.13578645833333333 0.8342777777777778 0.12425520833333333 0.15400925925925926
2 0.6685260416666666 0.8653796296296297 0.09746874999999999 0.20562962962962963
6 0.8162187500000001 0.7628333333333334 0.08630729166666667 0.17249074074074072
1 0.8009687499999999 0.5961203703703704 0.07961458333333334 0.1565185185185185
1 0.6666666666666666 0.6490462962962963 0.0625 0.16712962962962963
5 0.5814739583333334 0.6636018518518519 0.052828125000000004 0.1671388888888889
1 0.5297604166666666 0.57825 0.044640624999999996 0.15783333333333335
5 0.650296875 0.5352407407407407 0.028276041666666665 0.06650925925925925
3 0.6086302083333333 0.5881666666666667 0.041666666666666664 0.07712037037037038
1 0.7094479166666667 0.557074074074074 0.037947916666666665 0.08107407407407408