6 0.19866145833333335 0.6589722222222223 0.075890625 0.1499537037037037
3 0.12239583333333333 0.6457407407407407 0.057291666666666664 0.13141666666666668
1 0.13355729166666666 0.8078240740740741 0.09300520833333333 0.1328425925925926
6 0.6755937500000001 0.8374907407407407 0.12202604166666667 0.3059259259259259
6 0.7994791666666666 0.6713703703703704 0.08258854166666667 0.20670370370370372
5 0.40029687500000005 0.5992500000000001 0.05803645833333334 0.16299074074074074
5 0.3813229166666667 0.4894166666666667 0.037947916666666665 0.10736111111111112
5 0.5844479166666667 0.5793981481481482 0.05133854166666666 0.15239814814814814
5 0.541296875 0.5066203703703703 0.046875 0.13383333333333333
5 0.6804322916666667 0.586675925925926 0.052828125000000004 0.12725925925925927
5 0.7823645833333334 0.5225 0.060265624999999996 0.11796296296296296
5 0.7180052083333333 0.4828055555555555 0.041666666666666664 0.12058333333333332
1 0.6558802083333333 0.4589907407407407 0.04241145833333334 0.10999074074074075
1 0.5911458333333334 0.46825 0.048364583333333336 0.09147222222222223