6 0.697546875 0.8104907407407408 0.14806770833333335 0.34187962962962964
6 0.8125 0.6146481481481482 0.08184374999999999 0.18828703703703703
1 0.18340625 0.6946851851851852 0.07515104166666667 0.14466666666666667
6 0.23140104166666667 0.5425277777777777 0.08333333333333333 0.15516666666666667
3 0.14918229166666666 0.5319444444444444 0.08258854166666667 0.14192592592592593
5 0.42113020833333337 0.5279814814814815 0.056546874999999996 0.20278703703703702
5 0.40215625 0.39962037037037035 0.046875 0.08892592592592594
5 0.5970989583333334 0.48100000000000004 0.06621875 0.13792592592592592
5 0.5598958333333334 0.4353518518518519 0.045385416666666664 0.14451851851851852
5 0.7150312499999999 0.5173888888888889 0.07291666666666667 0.1366203703703704
5 0.8151041666666666 0.47437962962962965 0.06621875 0.10351851851851851
5 0.7574427083333333 0.42873148148148144 0.04761979166666667 0.08893518518518519
3 0.6800572916666667 0.4512222222222222 0.032739583333333336 0.07837037037037037
3 0.6339270833333334 0.4221111111111111 0.04761979166666667 0.10216666666666667