5 0.15550520833333334 0.6245648148148147 0.087796875 0.17637962962962964
1 0.061385416666666665 0.800537037037037 0.09449479166666667 0.15531481481481482
5 0.07515104166666667 0.6014074074074074 0.05952604166666667 0.13535185185185186
5 0.37723437499999996 0.5709907407407407 0.05059375 0.20941666666666667
5 0.3973229166666667 0.43071296296296296 0.05803645833333334 0.10878703703703703
1 0.5863072916666667 0.5703148148148148 0.04761979166666667 0.13665740740740742
3 0.6841510416666666 0.5663425925925926 0.036458333333333336 0.13400925925925924
1 0.7894322916666667 0.5279722222222223 0.053572916666666665 0.12869444444444444
6 0.7269322916666667 0.5173888888888889 0.056546874999999996 0.1577962962962963
6 0.7979895833333334 0.6960185185185186 0.10788541666666666 0.17377777777777778
6 0.6566197916666667 0.8581111111111112 0.09449479166666667 0.2598796296296296
1 0.536828125 0.5028333333333332 0.036458333333333336 0.13397222222222221
1 0.6651770833333334 0.46644444444444444 0.068453125 0.12468518518518518
1 0.6026770833333334 0.44196296296296295 0.04315625 0.10747222222222222