1 0.09449479166666667 0.8025277777777778 0.09226041666666666 0.17780555555555555
5 0.18378125 0.6602962962962963 0.07440625000000001 0.19757407407407407
6 0.10565625000000001 0.6232407407407408 0.07142708333333332 0.14462037037037037
6 0.540921875 0.5120833333333333 0.04613020833333333 0.09692592592592593
6 0.6711302083333333 0.8640648148148149 0.08482291666666668 0.22944444444444445
6 0.8084062500000001 0.7145462962962963 0.11383854166666667 0.19760185185185186
6 0.7261927083333333 0.5557592592592593 0.07886979166666667 0.16046296296296297
3 0.6402552083333333 0.5107685185185186 0.052828125000000004 0.12338888888888888
3 0.6808020833333334 0.4849722222222222 0.032739583333333336 0.1273425925925926
5 0.7890625 0.5359074074074074 0.05878125 0.11811111111111111
5 0.35863020833333337 0.5775925925925925 0.056546874999999996 0.1617962962962963
5 0.39248437500000005 0.5021666666666667 0.029015625 0.12206481481481482
1 0.5866822916666667 0.5808981481481481 0.045385416666666664 0.14460185185185184
3 0.6912187500000001 0.6516759259259258 0.08482291666666668 0.10362037037037036