3 0.095984375 0.8336203703703703 0.09672395833333333 0.19502777777777777
6 0.10788541666666666 0.645074074074074 0.07886979166666667 0.17771296296296296
5 0.19828645833333333 0.660962962962963 0.091515625 0.2438796296296296
6 0.658109375 0.8633981481481482 0.12425520833333333 0.23870370370370372
6 0.798734375 0.7032962962962962 0.09003125000000001 0.17775
6 0.5859375 0.5928055555555556 0.064734375 0.1578425925925926
1 0.6525312499999999 0.4710740740740741 0.05059375 0.11542592592592592
1 0.5963541666666666 0.4757037037037037 0.04241145833333334 0.11410185185185186
1 0.5398072916666667 0.5200277777777778 0.05133854166666666 0.12868518518518518
1 0.728796875 0.48960185185185184 0.040921874999999996 0.1445462962962963
5 0.7983645833333333 0.5431851851851852 0.06547395833333333 0.13266666666666665
3 0.6960572916666667 0.6457314814814815 0.06324479166666667 0.1261111111111111
5 0.3939739583333333 0.6139814814814815 0.095984375 0.17637037037037037
1 0.36942187499999996 0.4955462962962964 0.045385416666666664 0.09559259259259259