4 0.3277552083333333 0.795962962962963 0.09746874999999999 0.40806481481481477
6 0.150296875 0.8025092592592593 0.052083333333333336 0.253212962962963
1 0.08444791666666666 0.7370092592592593 0.078125 0.2174537037037037
1 0.38839062500000004 0.6139444444444444 0.056546874999999996 0.13270370370370368
1 0.5439010416666666 0.6655462962962962 0.049109375000000004 0.14066666666666666
1 0.5970989583333334 0.6285092592592593 0.033484375000000004 0.11415740740740742
1 0.591515625 0.7363333333333334 0.04613020833333333 0.14732407407407408
5 0.6454635416666666 0.6344537037037037 0.045385416666666664 0.12345370370370372
5 0.7894322916666667 0.6992870370370371 0.05059375 0.13142592592592592
6 0.8050572916666667 0.8746111111111111 0.08333333333333333 0.2016574074074074
3 0.6904739583333334 0.7727222222222222 0.05505729166666666 0.17777777777777778