1 0.14583333333333334 0.7912777777777779 0.068453125 0.13678703703703704
6 0.19828645833333333 0.661611111111111 0.078125 0.14200000000000002
3 0.12760416666666666 0.6536666666666667 0.05431770833333334 0.12612037037037038
5 0.3980677083333333 0.6093518518518519 0.05505729166666666 0.19886111111111113
5 0.36793229166666663 0.4981944444444444 0.055802083333333335 0.06912962962962962
6 0.6666666666666666 0.8548055555555556 0.10565625000000001 0.2717777777777778
6 0.7939010416666666 0.671537037037037 0.07142708333333332 0.18037962962962964
0 0.6008177083333333 0.4657777777777778 0.06770833333333333 0.11542592592592592
5 0.5386927083333333 0.5107685185185186 0.04761979166666667 0.12074074074074075
5 0.5896562500000001 0.5802314814814815 0.045385416666666664 0.13533333333333333
1 0.7198645833333334 0.4598240740740741 0.03943229166666666 0.10087037037037037
1 0.6592239583333334 0.4671018518518519 0.03571354166666666 0.11012962962962963
5 0.6901041666666666 0.6027314814814815 0.05878125 0.13005555555555556