4 0.39620312500000004 0.8634074074074074 0.10491145833333333 0.26781481481481484
1 0.35751562499999995 0.68275 0.07068229166666667 0.13137962962962962
1 0.17224479166666665 0.7488148148148148 0.07655208333333333 0.19142592592592594
1 0.07655208333333333 0.7525092592592593 0.07988020833333334 0.13372222222222221
1 0.053671875 0.908611111111111 0.08071354166666667 0.13825
1 0.5300416666666666 0.6267314814814815 0.05325520833333333 0.17803703703703705
1 0.605765625 0.6023148148148149 0.044932291666666666 0.12919444444444445
1 0.6540260416666667 0.6111944444444445 0.041604166666666664 0.13512037037037036
1 0.7214270833333334 0.6452222222222223 0.05325520833333333 0.10554629629629629
5 0.7879947916666666 0.7029444444444444 0.06656770833333334 0.1736388888888889
6 0.8146197916666666 0.8664537037037037 0.07322395833333334 0.21369444444444444
1 0.5907864583333333 0.7443796296296296 0.07322395833333334 0.2121388888888889
1 0.37319270833333335 0.5897314814814815 0.05575 0.09811111111111111
3 0.6918854166666667 0.748074074074074 0.07738541666666668 0.18699074074074074