3 0.614953125 0.44510185185185186 0.03199479166666667 0.07010185185185185
3 0.6525312499999999 0.4550277777777778 0.025296875 0.06878703703703705
6 0.666296875 0.8108425925925926 0.18675520833333334 0.33862037037037035
6 0.771578125 0.6117685185185185 0.10565625000000001 0.17327777777777775
5 0.7827395833333333 0.4742037037037037 0.099703125 0.14417592592592593
5 0.38765104166666664 0.5244722222222222 0.07142708333333332 0.18121296296296296
1 0.37016145833333336 0.39947222222222223 0.052828125000000004 0.06349074074074074
6 0.216515625 0.5621666666666667 0.08184374999999999 0.17989814814814814
6 0.10640104166666667 0.5919351851851852 0.08333333333333333 0.22619444444444445
1 0.18303645833333335 0.7533055555555556 0.138390625 0.2896851851851852
1 0.6834062500000001 0.5152129629629629 0.07663541666666666 0.16799074074074075
1 0.5904010416666666 0.5231481481481481 0.10044791666666668 0.1891574074074074
5 0.536828125 0.45105555555555554 0.06324479166666667 0.12169444444444445
5 0.7157760416666666 0.43849074074074074 0.05505729166666666 0.13360185185185183
4 0.8597447916666667 0.37962962962962965 0.037947916666666665 0.17989814814814814