1 0.38876562499999995 0.6435185185185185 0.07068229166666667 0.17592592592592593
1 0.38095312499999995 0.530425925925926 0.040177083333333335 0.05290740740740741
1 0.5424114583333334 0.5866388888888889 0.061010416666666664 0.1309537037037037
1 0.5985885416666666 0.6461666666666667 0.095984375 0.1891574074074074
1 0.6945677083333333 0.6355833333333333 0.091515625 0.15475925925925924
1 0.7291666666666666 0.5588611111111111 0.049109375000000004 0.1309537037037037
1 0.8009687499999999 0.5833333333333334 0.095984375 0.12962962962962962
1 0.17708333333333334 0.8630925925925926 0.13244270833333333 0.2738055555555555
1 0.12909375 0.6898148148148148 0.07068229166666667 0.14947222222222223
5 0.220609375 0.7175925925925926 0.08556770833333333 0.23412962962962963
6 0.795015625 0.7242037037037037 0.115328125 0.19444444444444445
6 0.7005208333333334 0.8730185185185185 0.189734375 0.25397222222222227
3 0.6264895833333333 0.5767222222222222 0.03571354166666666 0.07407407407407407
3 0.6636927083333333 0.5648148148148148 0.01934375 0.08200925925925925