1 0.041296875000000004 0.7612407407407408 0.07068229166666667 0.15475925925925924
5 0.13132291666666665 0.7936481481481481 0.09300520833333333 0.25397222222222227
5 0.24069791666666665 0.8002685185185184 0.11383854166666667 0.2486759259259259
1 0.3344479166666667 0.7109814814814815 0.08556770833333333 0.18386111111111111
1 0.3255208333333333 0.5866388888888889 0.04241145833333334 0.07275
1 0.5104166666666666 0.6646851851851852 0.053572916666666665 0.1309537037037037
1 0.5554322916666667 0.7466944444444444 0.11383854166666667 0.20237962962962963
1 0.6588541666666666 0.7519814814814815 0.091515625 0.18121296296296296
1 0.7819947916666667 0.6957685185185185 0.10565625000000001 0.1428611111111111
1 0.7027552083333333 0.6574074074074074 0.06770833333333333 0.1534351851851852
1 0.6283489583333334 0.6144166666666667 0.04984895833333333 0.1045
1 0.5688229166666667 0.6111111111111112 0.055802083333333335 0.08730555555555557
6 0.7667395833333334 0.8538333333333333 0.13020833333333334 0.19973148148148148
1 0.05096875 0.9173240740740741 0.10193229166666667 0.16005555555555556