1 0.3314739583333333 0.5861851851851853 0.04390104166666667 0.09432407407407407
1 0.34449479166666663 0.7158611111111111 0.07738020833333333 0.16849999999999998
5 0.21540104166666665 0.8045185185185185 0.06175520833333333 0.18442592592592594
3 0.13318229166666667 0.7833518518518519 0.07738020833333333 0.2188148148148148
5 0.03831770833333333 0.7820277777777778 0.06919791666666668 0.22674999999999998
1 0.5148802083333334 0.6602870370370371 0.049109375000000004 0.1499351851851852
1 0.5729166666666666 0.5974351851851852 0.044640624999999996 0.11947222222222223
1 0.6257447916666667 0.5994166666666667 0.04315625 0.13667592592592595
1 0.6938229166666667 0.6523425925925925 0.05431770833333334 0.09700925925925925
1 0.7786458333333334 0.6867500000000001 0.055802083333333335 0.12349074074074075
1 0.6521562500000001 0.7502592592592592 0.06324479166666667 0.1632222222222222
6 0.7671145833333333 0.8488425925925925 0.09375 0.19900925925925927