6 0.18080208333333334 0.6298611111111111 0.09226041666666666 0.16844444444444442
6 0.084078125 0.8415648148148148 0.138390625 0.2241388888888889
3 0.10788541666666666 0.6483796296296296 0.07738020833333333 0.1499351851851852
5 0.3753697916666667 0.4988518518518518 0.055802083333333335 0.09426851851851852
5 0.4144322916666667 0.5987685185185185 0.07738020833333333 0.20150925925925925
5 0.6138385416666666 0.5729629629629629 0.04761979166666667 0.14988888888888888
5 0.806546875 0.5564166666666667 0.06398958333333334 0.14325925925925925
6 0.6588541666666666 0.4995277777777778 0.04390104166666667 0.15381481481481482
6 0.8318437500000001 0.7171851851851851 0.14434375 0.1817314814814815
6 0.6625729166666667 0.8772962962962964 0.11383854166666667 0.23210185185185184
3 0.552453125 0.5246574074074074 0.052828125000000004 0.1247222222222222
1 0.5933802083333333 0.46975 0.040921874999999996 0.09689814814814815
6 0.7254479166666666 0.5332685185185184 0.07738020833333333 0.17897222222222223
3 0.6904739583333334 0.6563148148148149 0.068453125 0.13405555555555557