1 0.09486458333333332 0.7972314814814815 0.07663541666666666 0.16987037037037037
5 0.18713020833333335 0.6642592592592592 0.08556770833333333 0.18434259259259259
6 0.11011979166666667 0.6490370370370371 0.068453125 0.13802777777777778
6 0.5900312499999999 0.6020648148148149 0.080359375 0.1446111111111111
5 0.39471875 0.5994166666666667 0.07515104166666667 0.17108333333333334
5 0.38206770833333337 0.4928981481481482 0.05431770833333334 0.07442592592592592
3 0.6588541666666666 0.8647314814814815 0.10788541666666666 0.2572314814814815
3 0.8098958333333334 0.7013148148148147 0.13169791666666666 0.20024074074074072
5 0.7976197916666667 0.5670000000000001 0.06547395833333333 0.14062037037037037
3 0.6882447916666667 0.6430833333333333 0.06547395833333333 0.1314074074074074
5 0.7135416666666666 0.48629629629629634 0.04761979166666667 0.17498148148148146
3 0.6666666666666666 0.46512037037037035 0.03869270833333334 0.11145370370370371
1 0.591515625 0.46247222222222223 0.052083333333333336 0.12997222222222224
5 0.5431562499999999 0.4935648148148148 0.04613020833333333 0.11279629629629628