5 0.154015625 0.6020740740740741 0.06994270833333333 0.16049074074074074
1 0.08519270833333333 0.7985648148148149 0.06770833333333333 0.19368518518518518
1 0.078125 0.5934722222222223 0.07738020833333333 0.1644537037037037
1 0.3370520833333333 0.5372314814814815 0.044640624999999996 0.1551574074074074
5 0.3828125 0.49291666666666667 0.052828125000000004 0.17762962962962964
1 0.52715625 0.5233240740740741 0.04241145833333334 0.13268518518518518
1 0.5933802083333333 0.5749444444444445 0.05133854166666666 0.1776759259259259
6 0.7998489583333334 0.7125555555555555 0.07738020833333333 0.18039814814814817
6 0.6640625 0.8746481481481482 0.08854166666666667 0.23210185185185184
5 0.7845989583333334 0.5465 0.064734375 0.16310185185185186
6 0.7239583333333334 0.5193703703703704 0.053572916666666665 0.14853703703703702
1 0.638390625 0.46247222222222223 0.037203125000000004 0.09822222222222222
1 0.5970989583333334 0.4578333333333333 0.029015625 0.07572222222222222
1 0.681921875 0.5775833333333333 0.055802083333333335 0.11681481481481482