5 0.23548958333333334 0.7985555555555556 0.06175520833333333 0.18574074074074073
3 0.165921875 0.7740833333333333 0.06398958333333334 0.20293518518518516
5 0.08854166666666667 0.8144351851851852 0.087796875 0.16723148148148148
5 0.3519322916666667 0.6794722222222223 0.04613020833333333 0.16186111111111112
5 0.3891354166666667 0.6351481481481481 0.056546874999999996 0.18697222222222223
1 0.5390625 0.6582962962962964 0.04390104166666667 0.12744444444444444
1 0.5829635416666666 0.6874074074074074 0.026041666666666668 0.13275
1 0.5989583333333334 0.615287037037037 0.025296875 0.07581481481481481
5 0.6413697916666667 0.6166203703703704 0.03869270833333334 0.12345370370370372
5 0.724328125 0.6741759259259259 0.048364583333333336 0.10628703703703704
1 0.6882447916666667 0.7615185185185186 0.07142708333333332 0.20425000000000001
5 0.7808802083333333 0.6999814814814815 0.055802083333333335 0.13673148148148148
6 0.8113854166666666 0.8759629629629629 0.10193229166666667 0.20299074074074072