5 0.4966510416666667 0.5120925925925925 0.060265624999999996 0.1313240740740741
5 0.38690625 0.4611388888888889 0.03869270833333334 0.05587962962962963
1 0.3746302083333333 0.5537685185185186 0.060265624999999996 0.13267592592592592
1 0.5848229166666666 0.5696481481481481 0.04315625 0.15121296296296297
1 0.595984375 0.4598240740740741 0.03869270833333334 0.10087037037037037
1 0.6402552083333333 0.45387037037037037 0.029015625 0.1312962962962963
1 0.6681562499999999 0.5623703703703704 0.04761979166666667 0.12606481481481482
1 0.8173385416666666 0.5412037037037037 0.06324479166666667 0.13399074074074074
6 0.7447916666666666 0.5226851851851851 0.04613020833333333 0.17632407407407408
6 0.806921875 0.7026296296296296 0.09746874999999999 0.18700925925925926
6 0.6715052083333333 0.8706851851851852 0.11234895833333333 0.2559166666666667
5 0.15141145833333333 0.6272129629629629 0.07515104166666667 0.18961111111111112
1 0.08854166666666667 0.8289907407407406 0.130953125 0.19105555555555556
3 0.072546875 0.6285370370370371 0.06770833333333333 0.16050925925925924