1 0.09635416666666667 0.8223703703703703 0.08109895833333333 0.15664814814814815
5 0.181546875 0.6464074074074074 0.06994270833333333 0.21212037037037038
6 0.11048958333333332 0.64375 0.07961458333333334 0.1856574074074074
5 0.39359895833333336 0.5729629629629629 0.040177083333333335 0.14724074074074076
5 0.3813229166666667 0.46114814814814814 0.04984895833333333 0.08763888888888889
5 0.7905520833333333 0.5511203703703704 0.05133854166666666 0.1088611111111111
6 0.5505937500000001 0.5067962962962963 0.041666666666666664 0.1313240740740741
6 0.8017135416666666 0.7132222222222222 0.091515625 0.1949537037037037
6 0.6573645833333334 0.866712962962963 0.13169791666666666 0.2612037037037037
6 0.7258177083333333 0.5200370370370371 0.06919791666666668 0.1816111111111111
1 0.6011927083333333 0.47040740740740744 0.040177083333333335 0.11410185185185186
5 0.6707604166666666 0.47041666666666665 0.05431770833333334 0.11939814814814814
3 0.6715052083333333 0.5742870370370371 0.04984895833333333 0.179