2 0.685640625 0.8829351851851852 0.18378125 0.22619444444444445
6 0.783109375 0.7480185185185185 0.122765625 0.19973148148148148
1 0.7663697916666667 0.6051574074074074 0.08928645833333333 0.1256574074074074
1 0.685640625 0.5535740740740741 0.046875 0.07804629629629631
1 0.6651770833333334 0.6560833333333334 0.075890625 0.1587314814814815
1 0.5814739583333334 0.6488055555555556 0.08258854166666667 0.1574074074074074
1 0.5360885416666666 0.6078055555555555 0.057291666666666664 0.1309537037037037
1 0.6000729166666667 0.5529074074074074 0.029015625 0.06084259259259259
3 0.6413697916666667 0.5839907407407408 0.028276041666666665 0.09126851851851851
5 0.38206770833333337 0.6580648148148148 0.06621875 0.19179629629629627
5 0.19047395833333333 0.6818796296296296 0.07291666666666667 0.11772222222222223
1 0.080359375 0.7427222222222222 0.07886979166666667 0.2235462962962963
1 0.14992708333333335 0.8551574074074074 0.15104166666666666 0.28175