5 0.03161979166666667 0.7896851851851852 0.05431770833333334 0.17725000000000002
5 0.12425520833333333 0.8068796296296296 0.10119270833333333 0.2804259259259259
5 0.23363020833333334 0.825398148148148 0.11309374999999999 0.26719444444444446
5 0.6889895833333333 0.6316111111111111 0.04761979166666667 0.13624074074074072
5 0.7611614583333334 0.6944444444444444 0.07738020833333333 0.1375648148148148
3 0.6595989583333334 0.7361111111111112 0.09449479166666667 0.16005555555555556
1 0.5539427083333333 0.7466944444444444 0.11086458333333334 0.19973148148148148
5 0.510046875 0.6640185185185185 0.055802083333333335 0.10582407407407408
1 0.564734375 0.6144166666666667 0.04761979166666667 0.07804629629629631
2 0.640625 0.6163981481481482 0.06398958333333334 0.11639814814814814
5 0.33407812499999995 0.5866388888888889 0.03869270833333334 0.06216666666666667
1 0.3284947916666667 0.7037037037037037 0.08854166666666667 0.17460185185185184
6 0.7581822916666667 0.8624351851851851 0.11607291666666668 0.20635185185185187