6 0.10044791666666668 0.6521203703703703 0.07886979166666667 0.17195370370370372
5 0.19270833333333334 0.6653425925925927 0.10863020833333333 0.2301574074074074
2 0.10007291666666666 0.8624351851851851 0.15996875 0.2698425925925926
2 0.670015625 0.8670648148148148 0.17633854166666665 0.26587037037037037
6 0.7823645833333334 0.7056851851851852 0.11830208333333332 0.19444444444444445
1 0.5833333333333334 0.605824074074074 0.11011979166666667 0.19841666666666666
5 0.3645833333333333 0.5701018518518519 0.06398958333333334 0.18518518518518517
5 0.390625 0.5119074074074074 0.03571354166666666 0.1322777777777778
6 0.5364583333333334 0.530425925925926 0.08184374999999999 0.12169444444444445
3 0.6421145833333333 0.5257962962962963 0.0625 0.07275
3 0.6822916666666666 0.5066111111111111 0.061010416666666664 0.0793611111111111
6 0.7224687500000001 0.5251296296296296 0.07142708333333332 0.14021296296296296
5 0.790921875 0.5529074074074074 0.09077604166666667 0.1375648148148148