5 0.177453125 0.6688981481481481 0.10044791666666668 0.20684259259259258
6 0.08147395833333333 0.6576388888888889 0.07068229166666667 0.15258333333333332
3 0.07328645833333333 0.8296481481481481 0.09746874999999999 0.17650000000000002
5 0.375 0.57825 0.07142708333333332 0.15783333333333335
5 0.38839062500000004 0.48363888888888895 0.03571354166666666 0.05853703703703703
5 0.5509687499999999 0.5325925925925926 0.036458333333333336 0.07444444444444445
5 0.7514895833333333 0.5881666666666667 0.056546874999999996 0.10623148148148148
5 0.6473229166666666 0.4981944444444444 0.03422395833333333 0.10353703703703702
1 0.6041666666666666 0.5041481481481481 0.03422395833333333 0.0810462962962963
1 0.5874270833333333 0.6080185185185185 0.045385416666666664 0.11418518518518518
1 0.685265625 0.6371296296296296 0.05059375 0.11949074074074074
6 0.8013385416666666 0.724462962962963 0.09523958333333334 0.17512037037037037
6 0.6521562500000001 0.8792777777777778 0.091515625 0.23342592592592593