5 0.18117708333333335 0.6536759259259259 0.084078125 0.19756481481481483
6 0.10081770833333333 0.6239074074074075 0.08705208333333332 0.1724074074074074
2 0.07775520833333333 0.8362685185185185 0.122765625 0.2056111111111111
6 0.6536458333333334 0.8799444444444445 0.122765625 0.24003703703703705
6 0.7935260416666666 0.6953611111111111 0.084078125 0.2147962962962963
5 0.791296875 0.5617037037037037 0.06621875 0.11150925925925927
6 0.7273072916666667 0.5524537037037037 0.07068229166666667 0.13797222222222222
5 0.6648072916666667 0.576925925925926 0.06324479166666667 0.15518518518518518
1 0.5926354166666666 0.5868333333333333 0.064734375 0.1319722222222222
6 0.5394322916666667 0.49290740740740746 0.049109375000000004 0.11412037037037037
1 0.5952395833333333 0.47437962962962965 0.03571354166666666 0.09823148148148149
1 0.6685260416666666 0.47437037037037044 0.057291666666666664 0.06382407407407407
5 0.3560260416666667 0.500175925925926 0.07663541666666666 0.09162962962962963
5 0.40625 0.576925925925926 0.07291666666666667 0.15253703703703705