6 0.6752239583333334 0.8567962962962963 0.095984375 0.2810462962962963
1 0.12053645833333333 0.7846666666666667 0.09375 0.19235185185185186
6 0.200890625 0.6642592592592592 0.087796875 0.19757407407407407
5 0.123140625 0.6384537037037037 0.05878125 0.13537037037037036
5 0.40067187499999996 0.6053796296296295 0.07068229166666667 0.16975
5 0.3675572916666667 0.4988518518518518 0.04761979166666667 0.09691666666666666
5 0.5851927083333333 0.57825 0.05431770833333334 0.13665740740740742
6 0.796875 0.6642592592592592 0.075890625 0.19757407407407407
3 0.6848958333333334 0.6285277777777777 0.078125 0.12875
5 0.786828125 0.5226759259259259 0.07068229166666667 0.12075
1 0.6982864583333334 0.47437962962962965 0.046875 0.11939814814814814
5 0.5439010416666666 0.4955462962962964 0.04761979166666667 0.09559259259259259
1 0.587796875 0.4763611111111111 0.04613020833333333 0.1048425925925926
1 0.6357864583333334 0.4472592592592593 0.046875 0.11541666666666667