5 0.18898958333333335 0.7297592592592592 0.06547395833333333 0.20158333333333334
5 0.09449479166666667 0.7376944444444444 0.080359375 0.15925
1 0.12463020833333333 0.8739722222222223 0.060265624999999996 0.12757407407407406
5 0.3675572916666667 0.6808055555555556 0.056546874999999996 0.18832407407407406
1 0.4095989583333333 0.6106666666666667 0.030505208333333332 0.10360185185185185
1 0.5338541666666666 0.6199351851851852 0.037947916666666665 0.16447222222222221
1 0.5718020833333333 0.661611111111111 0.036458333333333336 0.14200000000000002
1 0.6666666666666666 0.6496944444444444 0.040177083333333335 0.11288888888888889
1 0.7976197916666667 0.6305185185185186 0.068453125 0.13800925925925928
3 0.6804322916666667 0.9011018518518519 0.095984375 0.1844814814814815
6 0.8017135416666666 0.7773888888888889 0.072171875 0.19631481481481483
1 0.6941979166666666 0.593462962962963 0.03869270833333334 0.13270370370370368
1 0.6000729166666667 0.6013981481481482 0.04241145833333334 0.11682407407407408