1 0.3266354166666667 0.59875 0.053572916666666665 0.07712962962962963
1 0.3511927083333333 0.7006388888888889 0.06398958333333334 0.14599074074074073
1 0.22135416666666666 0.7945925925925925 0.078125 0.19368518518518518
5 0.11830208333333332 0.7760648148148148 0.07142708333333332 0.1857314814814815
5 0.037947916666666665 0.7800370370370371 0.07142708333333332 0.17250000000000001
5 0.509671875 0.6695462962962964 0.053572916666666665 0.1340648148148148
1 0.564734375 0.6073518518518519 0.04613020833333333 0.11550925925925926
1 0.6220260416666666 0.6053703703703703 0.03869270833333334 0.10359259259259258
1 0.6953125 0.6351388888888889 0.04241145833333334 0.11816666666666667
1 0.6484375 0.7185 0.05133854166666666 0.14467592592592593
1 0.7920364583333334 0.7039537037037037 0.06919791666666668 0.14202777777777775
6 0.7823645833333334 0.8660462962962964 0.07366145833333333 0.1990185185185185
1 0.572171875 0.7323981481481482 0.07291666666666667 0.1486574074074074