1 0.3511927083333333 0.5954444444444444 0.053572916666666665 0.1102037037037037
1 0.3277552083333333 0.7105648148148148 0.055802083333333335 0.1658425925925926
3 0.20238020833333334 0.778712962962963 0.08482291666666668 0.19102777777777777
6 0.12239583333333333 0.8131296296296295 0.07663541666666666 0.2783703703703704
5 0.03496875 0.7780555555555555 0.06398958333333334 0.24262962962962964
5 0.5126510416666666 0.6510185185185186 0.041666666666666664 0.1022962962962963
2 0.5639895833333333 0.6185925925925926 0.029760416666666668 0.06655555555555555
1 0.630578125 0.6159629629629629 0.04984895833333333 0.13006481481481483
5 0.556921875 0.7410092592592592 0.06621875 0.19762037037037036
1 0.6458333333333334 0.7224722222222222 0.04761979166666667 0.13938888888888887
1 0.6964270833333334 0.6358055555555555 0.03869270833333334 0.09567592592592593
5 0.7410729166666666 0.7105648148148148 0.05952604166666667 0.1579074074074074
6 0.7671145833333333 0.8693518518518518 0.087796875 0.21622222222222223