1 0.22581770833333334 0.6536759259259259 0.06175520833333333 0.1790462962962963
1 0.14694791666666665 0.6371296296296296 0.05431770833333334 0.1168425925925926
1 0.14359895833333333 0.8078240740740741 0.09523958333333334 0.18575000000000003
1 0.40848437499999996 0.6179537037037037 0.0625 0.18961111111111112
1 0.37871875 0.4876111111111111 0.05059375 0.07706481481481482
1 0.5342239583333334 0.5412037037037037 0.053572916666666665 0.14457407407407405
1 0.5944947916666667 0.5888425925925926 0.044640624999999996 0.16048148148148147
3 0.6287187500000001 0.5273055555555556 0.03422395833333333 0.09561111111111112
3 0.6707604166666666 0.5213425925925925 0.045385416666666664 0.07047222222222223
1 0.7042395833333334 0.5835370370370371 0.045385416666666664 0.11284259259259259
2 0.7046145833333333 0.8422314814814815 0.08184374999999999 0.24134259259259258
6 0.814734375 0.6788240740740741 0.05952604166666667 0.22669444444444445
1 0.8244062499999999 0.511425925925926 0.044640624999999996 0.11412962962962964
1 0.7217239583333334 0.500175925925926 0.04613020833333333 0.09427777777777777