4 0.05803645833333334 0.7870370370370371 0.07291666666666667 0.12169444444444445
5 0.13988020833333334 0.7612407407407408 0.068453125 0.1574074074074074
5 0.21763541666666666 0.8141574074074074 0.13020833333333334 0.25528703703703703
5 0.5241822916666666 0.6587314814814814 0.04984895833333333 0.11904629629629629
5 0.7570677083333333 0.7089907407407408 0.09003125000000001 0.15608333333333332
5 0.7064739583333334 0.6408703703703703 0.04984895833333333 0.09126851851851851
0 0.6409947916666667 0.6223518518518518 0.060265624999999996 0.09126851851851851
1 0.579984375 0.6256574074074075 0.04241145833333334 0.05026851851851852
1 0.5673385416666666 0.748675925925926 0.10193229166666667 0.2248703703703704
1 0.6755937500000001 0.755287037037037 0.10119270833333333 0.20105555555555554
6 0.7771562500000001 0.8624351851851851 0.122765625 0.21693518518518518
1 0.32998437500000005 0.714287037037037 0.084078125 0.21163888888888888
1 0.35863020833333337 0.6157407407407407 0.041666666666666664 0.09126851851851851