1 0.5751510416666666 0.6818796296296296 0.08928645833333333 0.16269444444444445
6 0.7771562500000001 0.7453703703703703 0.10044791666666668 0.20237962962962963
5 0.9378697916666667 0.8650833333333333 0.12425520833333333 0.2698425925925926
5 0.19047395833333333 0.8313518518518519 0.099703125 0.2526481481481482
5 0.06882291666666666 0.8538333333333333 0.13765104166666667 0.29232407407407407
5 0.37983854166666664 0.7070092592592593 0.09003125000000001 0.19444444444444445
1 0.3969479166666667 0.6124351851851851 0.030505208333333332 0.05290740740740741
4 0.7548385416666666 0.5806851851851852 0.072171875 0.2248703703703704
1 0.5944947916666667 0.605824074074074 0.05059375 0.09787962962962962
1 0.6357864583333334 0.5694444444444444 0.029015625 0.054231481481481485
1 0.669640625 0.5767222222222222 0.037203125000000004 0.0661388888888889
5 0.529015625 0.6355833333333333 0.03571354166666666 0.14417592592592593
2 0.6982864583333334 0.894175925925926 0.16890104166666667 0.21163888888888888
1 0.661828125 0.6765833333333333 0.08258854166666667 0.15475925925925924