6 0.09040104166666667 0.6223518518518518 0.171875 0.43783333333333335
6 0.43192187499999996 0.27116666666666667 0.091515625 0.17195370370370372
1 0.7250729166666667 0.7579351851851852 0.189734375 0.46561111111111114
1 0.5561770833333333 0.6805555555555556 0.146578125 0.42989814814814814
1 0.3125 0.6521203703703703 0.15625 0.3571388888888889
1 0.2578125 0.3915370370370371 0.06621875 0.16137962962962962
1 0.3824427083333333 0.442462962962963 0.09523958333333334 0.23412962962962963
1 0.3206822916666667 0.32539814814814816 0.07738020833333333 0.1455
1 0.47060937500000005 0.33994444444444444 0.07366145833333333 0.16666666666666666
7 0.47581770833333337 0.49272222222222223 0.12574479166666666 0.2791018518518519
1 0.6547604166666667 0.4457685185185185 0.119046875 0.21163888888888888
7 0.5539427083333333 0.2910092592592593 0.09895833333333333 0.1455