1 0.6927083333333334 0.7791018518518518 0.17708333333333334 0.4179907407407408
0 0.4360104166666667 0.7268518518518519 0.32738020833333337 0.4748703703703704
1 0.29278125 0.692462962962963 0.14211458333333335 0.3425925925925926
1 0.08296354166666667 0.6765833333333333 0.16294791666666666 0.42195370370370366
1 0.04352604166666666 0.3194444444444444 0.084078125 0.16799074074074075
1 0.232515625 0.4715648148148148 0.10193229166666667 0.21825
1 0.29203645833333336 0.4001296296296296 0.06621875 0.18121296296296296
1 0.35379687499999996 0.47883333333333333 0.09449479166666667 0.2037037037037037
1 0.44121875 0.4054259259259259 0.075890625 0.12037037037037036
1 0.674109375 0.4179907407407408 0.05803645833333334 0.1640185185185185
1 0.619421875 0.4887592592592593 0.09300520833333333 0.18650925925925926
7 0.5111614583333333 0.3293611111111111 0.09672395833333333 0.12962962962962962
6 0.40141145833333336 0.3095277777777778 0.08854166666666667 0.1534351851851852