5 0.7615312500000001 0.6358425925925927 0.13913541666666665 0.4
2 0.5703125 0.6967222222222222 0.109375 0.5005925925925926
1 0.33184375 0.5928333333333333 0.1875 0.33778703703703705
5 0.16108854166666667 0.5154351851851852 0.13765104166666667 0.3946388888888889
1 0.29315625 0.3460462962962963 0.07440625000000001 0.18283333333333335
1 0.4144322916666667 0.35994444444444446 0.09077604166666667 0.24767592592592594
7 0.4933020833333333 0.46249074074074076 0.11458333333333333 0.26493518518518516
3 0.6953125 0.4002962962962963 0.08854166666666667 0.1881574074074074
6 0.34672395833333336 0.28650000000000003 0.080359375 0.1748611111111111
1 0.5011145833333334 0.2739351851851852 0.08556770833333333 0.15500925925925926
1 0.728796875 0.2798796296296296 0.046875 0.10075925925925926
6 0.4497760416666667 0.20512962962962963 0.06324479166666667 0.16025925925925927
7 0.560640625 0.22364814814814815 0.095984375 0.15762037037037036
3 0.07366145833333333 0.2124074074074074 0.12053645833333333 0.15100000000000002