0 0.6633177083333333 0.6501296296296296 0.185265625 0.5119074074074074
0 0.46689062499999995 0.5813518518518519 0.21354166666666666 0.37169444444444444
1 0.27157812499999995 0.6216944444444444 0.16369270833333335 0.3888888888888889
1 0.576265625 0.40675 0.12574479166666666 0.20767592592592593
1 0.4419635416666667 0.37169444444444444 0.08333333333333333 0.1375648148148148
1 0.39434375 0.32605555555555554 0.06398958333333334 0.10978703703703703
1 0.4598229166666667 0.23676851851851852 0.09821354166666667 0.1322777777777778
1 0.6298385416666666 0.32010185185185186 0.09300520833333333 0.19047222222222224
5 0.19084895833333335 0.40806481481481477 0.109375 0.1891574074074074
5 0.30840625 0.3769814814814815 0.10640104166666667 0.1587314814814815
7 0.23921354166666667 0.31349074074074074 0.05133854166666666 0.11639814814814814
7 0.3582604166666667 0.24934259259259262 0.09300520833333333 0.15475925925925924
2 0.06696354166666667 0.6468240740740742 0.130953125 0.3359814814814815