4 0.11867708333333334 0.34325 0.15104166666666666 0.3611111111111111
5 0.07663541666666666 0.6911388888888889 0.15327604166666667 0.40608333333333335
2 0.3363072916666667 0.682537037037037 0.130953125 0.32010185185185186
2 0.5639895833333333 0.6296296296296297 0.19196354166666665 0.3730185185185185
1 0.41034375 0.44510185185185186 0.122765625 0.28175
6 0.21168229166666666 0.41005555555555556 0.09300520833333333 0.2248703703703704
1 0.27269270833333337 0.4920648148148148 0.07515104166666667 0.2248703703703704
5 0.44754687499999996 0.2625648148148148 0.095984375 0.13624074074074072
1 0.614953125 0.34061111111111114 0.10788541666666666 0.1970925925925926
1 0.564734375 0.37102777777777773 0.11755729166666667 0.13624074074074072
1 0.3619791666666667 0.3763240740740741 0.048364583333333336 0.18121296296296296