1 0.6532760416666666 0.4936018518518519 0.130953125 0.33508333333333334
1 0.45796354166666664 0.4936018518518519 0.13020833333333334 0.350962962962963
5 0.24479166666666666 0.571 0.16666666666666666 0.3258611111111111
1 0.061010416666666664 0.5022037037037037 0.12202083333333333 0.3496388888888889
1 0.2838541666666667 0.3519907407407407 0.08705208333333332 0.14446296296296296
1 0.4296875 0.2924444444444444 0.060265624999999996 0.09150925925925926
1 0.572546875 0.33016666666666666 0.06175520833333333 0.16694444444444445
1 0.22209895833333335 0.25540740740740736 0.06919791666666668 0.16822222222222222
1 0.38876562499999995 0.2653240740740741 0.05431770833333334 0.12456481481481482
1 0.3619791666666667 0.1733611111111111 0.04390104166666667 0.12055555555555554
3 0.47060937500000005 0.17667592592592593 0.07961458333333334 0.14833333333333332