1 0.060265624999999996 0.660712962962963 0.12053645833333333 0.3769814814814815
1 0.23772395833333335 0.7261944444444444 0.19568229166666665 0.28306481481481477
1 0.3050572916666667 0.5099166666666667 0.11309374999999999 0.31878703703703704
1 0.19680208333333335 0.46561111111111114 0.10193229166666667 0.23280555555555557
1 0.24293229166666666 0.3630925925925926 0.06621875 0.1309537037037037
1 0.41592187500000005 0.4900833333333333 0.087796875 0.3055555555555556
7 0.5859375 0.47883333333333333 0.103421875 0.26719444444444446
2 0.49442187499999996 0.6699722222222223 0.13020833333333334 0.42195370370370366
1 0.6651770833333334 0.7228796296296297 0.17261979166666666 0.4404722222222222
1 0.35640104166666664 0.3055555555555556 0.09226041666666666 0.14021296296296296
1 0.46503125 0.29762037037037037 0.07440625000000001 0.1375648148148148