1 0.17224479166666665 0.6642685185185185 0.10788541666666666 0.23726851851851852
1 0.3046875 0.70925 0.08854166666666667 0.16849074074074075
2 0.4605677083333333 0.7820370370370371 0.099703125 0.29555555555555557
5 0.5695677083333333 0.786 0.11234895833333333 0.23734259259259258
2 0.53125 0.6530092592592592 0.03869270833333334 0.14596296296296296
1 0.40922395833333336 0.6139722222222223 0.05803645833333334 0.14462037037037037
6 0.34077604166666664 0.5868518518518518 0.06398958333333334 0.11946296296296298
6 0.2738072916666667 0.5835462962962963 0.04761979166666667 0.14989814814814814
2 0.3169635416666667 0.5438425925925926 0.03869270833333334 0.10752777777777778
5 0.3932291666666667 0.5464907407407408 0.04390104166666667 0.08636111111111111
2 0.4534947916666667 0.502824074074074 0.04984895833333333 0.11279629629629628
6 0.37202604166666664 0.48562962962962963 0.03571354166666666 0.12073148148148147
6 0.14769270833333334 0.47702777777777783 0.07961458333333334 0.10616666666666666
1 0.07738020833333333 0.47901851851851857 0.049109375000000004 0.12866666666666668