3 0.5654739583333334 0.818787037037037 0.107140625 0.26719444444444446
5 0.44903125 0.7413981481481482 0.10193229166666667 0.26058333333333333
7 0.27715625 0.733462962962963 0.16443229166666665 0.23676851851851852
7 0.14322916666666666 0.6818796296296296 0.16443229166666665 0.25
5 0.056546874999999996 0.4861111111111111 0.087796875 0.13624074074074072
6 0.138765625 0.46296296296296297 0.07961458333333334 0.10846296296296297
5 0.2593020833333333 0.5535740740740741 0.07961458333333334 0.13624074074074072
1 0.3567708333333333 0.5714259259259259 0.06770833333333333 0.11639814814814814
1 0.4095989583333333 0.6064814814814815 0.072171875 0.11772222222222223
1 0.525296875 0.6289722222222222 0.05803645833333334 0.13360185185185183
1 0.564734375 0.5978796296296297 0.026786458333333332 0.1375648148148148
2 0.44717187500000005 0.49867592592592597 0.061010416666666664 0.10052777777777777
6 0.3843020833333333 0.48545370370370367 0.05878125 0.09787962962962962
2 0.3169635416666667 0.5350555555555556 0.05505729166666666 0.12830555555555556