6 0.056177083333333336 0.25528703703703703 0.109375 0.1587314814814815
1 0.10416666666666667 0.5899444444444444 0.19940625 0.4179907407407408
2 0.3072916666666667 0.6322777777777778 0.16666666666666666 0.35450000000000004
1 0.2607864583333333 0.39682407407407405 0.09003125000000001 0.21693518518518518
5 0.39434375 0.4404722222222222 0.07738020833333333 0.3042314814814815
7 0.4780520833333333 0.47685185185185186 0.14359895833333333 0.26587037037037037
1 0.5260416666666666 0.6904722222222223 0.1875 0.42592592592592593
1 0.7254479166666666 0.7586018518518518 0.19642708333333334 0.4775092592592593
7 0.6491822916666667 0.5066111111111111 0.15104166666666666 0.29364814814814816
1 0.6837812499999999 0.3300277777777778 0.061010416666666664 0.09391666666666668
1 0.4691197916666667 0.33928703703703705 0.08258854166666667 0.14417592592592593
1 0.3307291666666667 0.34391666666666665 0.10491145833333333 0.19841666666666666
6 0.4296875 0.24602777777777776 0.078125 0.14814814814814814
7 0.5375729166666667 0.27182407407407405 0.08258854166666667 0.14682407407407408