2 0.052453124999999996 0.4285740740740741 0.10491145833333333 0.16137962962962962
2 0.5126510416666666 0.2824074074074074 0.09226041666666666 0.14417592592592593
7 0.130953125 0.7096574074074073 0.21428645833333335 0.4404722222222222
5 0.3988072916666667 0.6990740740740741 0.13541666666666666 0.33994444444444444
1 0.6264895833333333 0.674601851851852 0.17261979166666666 0.3809537037037037
6 0.28496875 0.43849074074074074 0.10119270833333333 0.23412962962962963
1 0.35565625 0.46494444444444444 0.08928645833333333 0.14947222222222223
1 0.49404687500000005 0.49272222222222223 0.11755729166666667 0.22619444444444445
1 0.6357864583333334 0.41137962962962965 0.11234895833333333 0.16666666666666666
2 0.6949427083333333 0.38227777777777777 0.08482291666666668 0.19576851851851854
1 0.4449427083333333 0.3736759259259259 0.06696354166666667 0.12301851851851853