1 0.21614583333333334 0.3551574074074074 0.11086458333333334 0.21825
2 0.5788697916666667 0.6699722222222223 0.22767708333333334 0.46693518518518523
2 0.32254687499999996 0.6388888888888888 0.18378125 0.3412685185185185
2 0.06584895833333333 0.6904722222222223 0.12871875 0.4338611111111111
2 0.4534947916666667 0.24074074074074073 0.07663541666666666 0.14021296296296296
2 0.3645833333333333 0.2295 0.080359375 0.15475925925925924
7 0.6417395833333334 0.31415740740740744 0.09300520833333333 0.21825
7 0.37574479166666663 0.3743425925925926 0.09375 0.1640185185185185
5 0.28310937500000005 0.45767592592592593 0.11830208333333332 0.2222222222222222
7 0.44233854166666664 0.4735462962962963 0.13020833333333334 0.2513240740740741
4 0.16890104166666667 0.265212962962963 0.11755729166666667 0.32407407407407407