1 0.08482291666666668 0.6435185185185185 0.07142708333333332 0.13624074074074072
6 0.150296875 0.625 0.06547395833333333 0.11772222222222223
6 0.14397395833333335 0.8498703703703704 0.15699479166666666 0.26587037037037037
1 0.28348437499999996 0.8888888888888888 0.125 0.18518518518518517
2 0.4564739583333333 0.9140185185185185 0.103421875 0.15079629629629632
7 0.5357135416666666 0.8723518518518518 0.068453125 0.20767592592592593
1 0.27529687500000005 0.751324074074074 0.08928645833333333 0.14814814814814814
1 0.36123437500000005 0.7830648148148148 0.078125 0.1322777777777778
7 0.3236614583333333 0.7156111111111111 0.037203125000000004 0.1322777777777778
6 0.3932291666666667 0.6851851851851852 0.07961458333333334 0.10846296296296297
1 0.4594479166666667 0.6944444444444444 0.052828125000000004 0.11639814814814814
7 0.40699479166666663 0.8551574074074074 0.075890625 0.17857407407407408