1 0.6480677083333333 0.6728796296296297 0.09226041666666666 0.2968148148148148
1 0.4810260416666667 0.6358333333333334 0.08854166666666667 0.28620370370370374
1 0.20201041666666666 0.7244814814814815 0.16741145833333335 0.3153703703703704
1 0.05840625 0.71525 0.109375 0.5270648148148148
1 0.18861458333333334 0.4413148148148148 0.06919791666666668 0.21464814814814814
1 0.31435937500000005 0.46182407407407405 0.07663541666666666 0.22921296296296298
1 0.4125729166666667 0.48300925925925925 0.072171875 0.2980277777777778
1 0.5930052083333333 0.44661111111111107 0.080359375 0.20671296296296296
1 0.24925520833333334 0.4049259259259259 0.056546874999999996 0.2000648148148148
3 0.46689062499999995 0.29774074074074075 0.07366145833333333 0.09415740740740741
1 0.36309375 0.2798796296296296 0.068453125 0.12987037037037036