5 0.662203125 0.7165462962962963 0.17857291666666666 0.3153611111111111
3 0.49404687500000005 0.7006666666666667 0.14732291666666666 0.318
1 0.27269270833333337 0.6603055555555556 0.134671875 0.27961111111111114
1 0.061385416666666665 0.5961481481481482 0.122765625 0.34705555555555556
1 0.16778125 0.45720370370370367 0.13169791666666666 0.25171296296296297
1 0.23921354166666667 0.3394351851851852 0.084078125 0.18019444444444446
1 0.3255208333333333 0.39831481481481484 0.08258854166666667 0.16567592592592592
7 0.4311770833333333 0.5392407407407407 0.10788541666666666 0.23323148148148146
7 0.6067708333333334 0.5227037037037037 0.08854166666666667 0.25572222222222224
1 0.41592187500000005 0.4055925925925926 0.08928645833333333 0.18816666666666668
6 0.37685937500000005 0.2679814814814815 0.06324479166666667 0.16427777777777777
2 0.47730729166666663 0.28055555555555556 0.06770833333333333 0.17089814814814813