1 0.6689010416666666 0.8038703703703703 0.12202604166666667 0.28630555555555554
3 0.4583333333333333 0.8071759259259259 0.11607291666666668 0.31409259259259265
3 0.2827395833333333 0.7932870370370371 0.13988020833333334 0.32863888888888887
6 0.05394270833333333 0.7476574074074074 0.10788541666666666 0.4225555555555556
1 0.18489583333333334 0.6027407407407408 0.06621875 0.19886111111111113
1 0.24739583333333334 0.5173888888888889 0.064734375 0.1577962962962963
1 0.31324479166666663 0.5392222222222223 0.075890625 0.16706481481481483
1 0.4285729166666667 0.5636944444444444 0.07738020833333333 0.14194444444444446
1 0.3638385416666667 0.4221111111111111 0.041666666666666664 0.09687037037037037
1 0.3824427083333333 0.5378888888888889 0.04613020833333333 0.09297222222222222
1 0.6209062500000001 0.4790092592592593 0.07068229166666667 0.09161111111111112
7 0.5825885416666666 0.6424444444444445 0.08482291666666668 0.28091666666666665
2 0.4720989583333333 0.43072222222222223 0.07515104166666667 0.1775925925925926