1 0.036458333333333336 0.2619074074074074 0.06994270833333333 0.15608333333333332
1 0.22619270833333335 0.39947222222222223 0.07291666666666667 0.20899074074074075
5 0.3549114583333333 0.4153425925925926 0.09821354166666667 0.24074074074074073
7 0.27939062499999995 0.3333333333333333 0.07068229166666667 0.17725000000000002
5 0.5074427083333333 0.6673240740740741 0.19196354166666665 0.4537037037037037
5 0.7116822916666667 0.714287037037037 0.209078125 0.5
7 0.248140625 0.6461666666666667 0.24925520833333334 0.4140185185185185
7 0.08891145833333333 0.6183888888888889 0.165921875 0.4431203703703704
6 0.3984375 0.24801851851851853 0.09449479166666667 0.15475925925925924
7 0.505953125 0.2519814814814815 0.09375 0.14947222222222223
1 0.6287187500000001 0.3928611111111111 0.10416666666666667 0.1640185185185185
7 0.43526562500000004 0.3498703703703704 0.08928645833333333 0.11772222222222223
7 0.43935937500000005 0.47024074074074074 0.09746874999999999 0.2764537037037037
1 0.6722447916666667 0.3624351851851852 0.072171875 0.20899074074074075