6 0.07180208333333334 0.4900833333333333 0.10193229166666667 0.15212037037037035
6 0.4114583333333333 0.47883333333333333 0.06994270833333333 0.1375648148148148
2 0.515625 0.4761944444444444 0.09523958333333334 0.16931481481481483
7 0.10119270833333333 0.8227500000000001 0.193453125 0.35450000000000004
7 0.30171354166666664 0.8412685185185186 0.20163541666666665 0.317462962962963
7 0.4810260416666667 0.6997314814814816 0.09003125000000001 0.2619074074074074
1 0.6391354166666667 0.7056851851851852 0.11309374999999999 0.2896851851851852
1 0.3020833333333333 0.5641574074074074 0.09821354166666667 0.19179629629629627
1 0.21205208333333334 0.641537037037037 0.08333333333333333 0.1587314814814815
1 0.36793229166666663 0.5813518518518519 0.06324479166666667 0.1045
1 0.5267864583333333 0.8399444444444444 0.17559375 0.31216666666666665
1 0.45089062500000004 0.5489444444444445 0.09226041666666666 0.16666666666666666