3 0.7589270833333334 0.7099537037037037 0.14136979166666666 0.5006018518518518
1 0.5829635416666666 0.6192962962962963 0.140625 0.35102777777777777
1 0.3277552083333333 0.569675925925926 0.13765104166666667 0.2835185185185185
5 0.13988020833333334 0.4975648148148148 0.16517708333333334 0.3192037037037037
1 0.29315625 0.35464814814814816 0.07142708333333332 0.2079814814814815
1 0.4058802083333333 0.35067592592592595 0.06919791666666668 0.20003703703703704
1 0.6968020833333333 0.3612592592592593 0.10193229166666667 0.1868148148148148
1 0.50409375 0.2812037037037037 0.060265624999999996 0.13780555555555557
7 0.4918177083333333 0.4472777777777778 0.09672395833333333 0.2741851851851852
6 0.45684375 0.1885925925925926 0.052083333333333336 0.16422222222222224
5 0.07923958333333332 0.18065740740740743 0.095984375 0.18274074074074076
7 0.5595260416666666 0.2064537037037037 0.09077604166666667 0.17878703703703705