1 0.45907812499999995 0.7529074074074074 0.061010416666666664 0.13411111111111113
6 0.38988020833333337 0.7290833333333333 0.028276041666666665 0.12351851851851853
1 0.32440625 0.7667962962962963 0.04315625 0.10104629629629629
1 0.16034375 0.854787037037037 0.06175520833333333 0.17122222222222222
1 0.3091510416666667 0.9388055555555556 0.05878125 0.1223148148148148
1 0.36793229166666663 0.8342777777777778 0.040921874999999996 0.14607407407407408
1 0.2942708333333333 0.8203888888888888 0.08258854166666667 0.18443518518518517
7 0.40029687500000005 0.902425925925926 0.0625 0.1950648148148148
1 0.4598229166666667 0.9381574074074075 0.044640624999999996 0.12367592592592593
1 0.5535729166666666 0.8971296296296296 0.068453125 0.14478703703703705
6 0.15588020833333335 0.6741759259259259 0.072171875 0.10892592592592593
1 0.083703125 0.6721944444444444 0.06324479166666667 0.13671296296296298