1 0.674109375 0.6523703703703703 0.174109375 0.3272314814814815
2 0.5 0.6762037037037036 0.13690625 0.4436851851851852
1 0.24069791666666665 0.574962962962963 0.11979166666666667 0.2967592592592593
6 0.06994270833333333 0.5988055555555556 0.13392708333333334 0.48465740740740737
1 0.146578125 0.3632592592592592 0.111609375 0.26223148148148145
1 0.30692187499999996 0.3811111111111111 0.08556770833333333 0.2212222222222222
1 0.23921354166666667 0.2779074074074074 0.08556770833333333 0.19999074074074075
7 0.3999270833333333 0.3433981481481482 0.08109895833333333 0.19341666666666665
7 0.41964062500000004 0.4691111111111111 0.10416666666666667 0.26758333333333334
1 0.5863072916666667 0.4386851851851852 0.09077604166666667 0.2860925925925926
2 0.4799114583333333 0.19521296296296298 0.09375 0.18010185185185185
6 0.34932812500000004 0.2011574074074074 0.09449479166666667 0.17349074074074075