1 0.061010416666666664 0.5621666666666667 0.08184374999999999 0.1428611111111111
6 0.13616145833333335 0.5515833333333333 0.068453125 0.11904629629629629
1 0.14099479166666665 0.7671944444444445 0.15699479166666666 0.26719444444444446
7 0.2671145833333333 0.8326759259259259 0.17708333333333334 0.25793518518518516
5 0.44754687499999996 0.8551574074074074 0.12425520833333333 0.28438888888888886
3 0.5665937499999999 0.8921944444444445 0.10193229166666667 0.21561111111111111
7 0.529015625 0.7380925925925926 0.09672395833333333 0.16137962962962962
2 0.44940625 0.5800277777777777 0.068453125 0.09391666666666668
6 0.3824427083333333 0.568787037037037 0.05952604166666667 0.09259259259259259
5 0.27269270833333337 0.6772499999999999 0.08556770833333333 0.1428611111111111
1 0.31659375 0.608462962962963 0.057291666666666664 0.10317592592592593
1 0.34970312499999995 0.6488055555555556 0.07291666666666667 0.10713888888888888
1 0.4136927083333333 0.7070092592592593 0.08482291666666668 0.17857407407407408
2 0.38988020833333337 0.6296296296296297 0.03422395833333333 0.08200925925925925
2 0.5531979166666667 0.6421944444444445 0.030505208333333332 0.046296296296296294