5 0.5904010416666666 0.6457592592592593 0.189734375 0.3087037037037037
1 0.29129687499999996 0.6464074074074074 0.14955208333333334 0.2359351851851852
6 0.0625 0.7271574074074074 0.12053645833333333 0.4820833333333333
5 0.3229166666666667 0.4598240740740741 0.162203125 0.11145370370370371
7 0.4293177083333333 0.5154166666666666 0.08333333333333333 0.27025925925925925
1 0.6056562499999999 0.3969814814814815 0.10863020833333333 0.11274074074074074
1 0.38690625 0.3771388888888889 0.068453125 0.14712962962962964
7 0.220609375 0.41287037037037033 0.07366145833333333 0.2106574074074074
6 0.6090052083333333 0.2937685185185185 0.08854166666666667 0.11267592592592593
5 0.3705364583333333 0.24283333333333332 0.07291666666666667 0.12455555555555556
5 0.4542395833333333 0.2534166666666667 0.078125 0.14043518518518516