2 0.05431770833333334 0.42394444444444446 0.10863020833333333 0.15212037037037035
1 0.13616145833333335 0.6686481481481481 0.22321354166666665 0.3743425925925926
1 0.40215625 0.693787037037037 0.14955208333333334 0.34524074074074074
1 0.6302083333333334 0.6640185185185185 0.169640625 0.38360185185185186
6 0.28980729166666663 0.4351851851851852 0.08109895833333333 0.22750925925925927
1 0.3578854166666667 0.45635185185185184 0.09226041666666666 0.13491666666666668
1 0.4966510416666667 0.4947129629629629 0.12128125000000001 0.2486759259259259
5 0.44159375 0.37897222222222227 0.07663541666666666 0.12830555555555556
1 0.6369062499999999 0.4014537037037037 0.12202604166666667 0.16005555555555556
2 0.697171875 0.36508333333333337 0.080359375 0.19047222222222224
7 0.5141354166666666 0.2929907407407408 0.099703125 0.16005555555555556