5 0.5245520833333334 0.6047314814814815 0.13988020833333334 0.25046296296296294
5 0.3619791666666667 0.6450925925925927 0.15699479166666666 0.2782777777777778
6 0.06175520833333333 0.6689166666666666 0.12351041666666666 0.37355555555555553
1 0.29984895833333336 0.42212037037037037 0.09821354166666667 0.16567592592592592
1 0.4449427083333333 0.4036018518518518 0.09226041666666666 0.16566666666666666
1 0.5970989583333334 0.39831481481481484 0.09895833333333333 0.19741666666666668
7 0.3895104166666667 0.37846296296296295 0.06770833333333333 0.1894722222222222
1 0.21986458333333334 0.3645740740740741 0.09300520833333333 0.23048148148148148
5 0.4583333333333333 0.2534166666666667 0.087796875 0.11662037037037037
5 0.3500729166666667 0.20578703703703705 0.08556770833333333 0.15628703703703703
4 0.22693229166666665 0.19323148148148148 0.09226041666666666 0.20524074074074075