2 0.4564739583333333 0.7747314814814815 0.04390104166666667 0.11957407407407405
6 0.3738854166666667 0.7323981481481482 0.05431770833333334 0.13012962962962962
1 0.31733854166666664 0.7793703703703704 0.029015625 0.12619444444444444
1 0.2749270833333333 0.7939259259259259 0.06919791666666668 0.15001851851851852
1 0.103796875 0.7297592592592592 0.084078125 0.18835185185185185
1 0.146203125 0.8514814814814815 0.08705208333333332 0.17254629629629628
2 0.15885416666666666 0.6821111111111111 0.06324479166666667 0.11687037037037037
6 0.41815625 0.9196388888888889 0.107140625 0.16071296296296295
1 0.35640104166666664 0.8402314814814815 0.05505729166666666 0.11035185185185185
1 0.5286458333333334 0.9103611111111112 0.04390104166666667 0.12891666666666665
5 0.3169635416666667 0.9348518518518518 0.09821354166666667 0.13028703703703703