6 0.05505729166666666 0.4444444444444444 0.10565625000000001 0.1534351851851852
7 0.09709895833333333 0.7579351851851852 0.19121875 0.4153425925925926
5 0.30840625 0.7929907407407407 0.165921875 0.35582407407407407
2 0.52753125 0.818787037037037 0.18601041666666665 0.3624351851851852
0 0.7083333333333334 0.8320092592592593 0.17261979166666666 0.3306851851851852
1 0.36904687500000005 0.6018518518518519 0.11458333333333333 0.24602777777777776
1 0.20721875 0.6038333333333333 0.11681770833333333 0.22089814814814815
1 0.6573645833333334 0.4801574074074075 0.07663541666666666 0.0793611111111111
2 0.509671875 0.4153425925925926 0.09672395833333333 0.16931481481481483
6 0.4095989583333333 0.4126944444444444 0.10193229166666667 0.12698148148148147
1 0.4449427083333333 0.5171944444444445 0.087796875 0.21428703703703705
1 0.29278125 0.5105833333333333 0.12128125000000001 0.19841666666666666
7 0.47842187500000005 0.6395462962962963 0.099703125 0.26587037037037037
7 0.6216510416666666 0.6712962962962963 0.11383854166666667 0.28175