1 0.146203125 0.8670648148148148 0.16145833333333334 0.2526481481481482
1 0.27715625 0.7936481481481481 0.09746874999999999 0.17989814814814814
1 0.32254687499999996 0.7413981481481482 0.05431770833333334 0.10713888888888888
1 0.3597447916666667 0.8002685185185184 0.055802083333333335 0.1375648148148148
1 0.3002239583333333 0.9160092592592592 0.10491145833333333 0.16799074074074075
2 0.40141145833333336 0.8875648148148149 0.09003125000000001 0.19841666666666666
1 0.533484375 0.9021203703703703 0.08184374999999999 0.16137962962962962
6 0.3932291666666667 0.719574074074074 0.05431770833333334 0.11375925925925925
1 0.45721875 0.733462962962963 0.05431770833333334 0.12301851851851853
2 0.4073645833333333 0.7777777777777778 0.045385416666666664 0.10317592592592593
6 0.15141145833333333 0.6527777777777778 0.064734375 0.10978703703703703
1 0.08482291666666668 0.6653425925925927 0.06696354166666667 0.1322777777777778