4 0.7697187499999999 0.49074074074074076 0.158484375 0.9523796296296295
4 0.611234375 0.6223518518518518 0.29984895833333336 0.46428703703703705
5 0.3359375 0.5866388888888889 0.134671875 0.35582407407407407
1 0.07403124999999999 0.5694444444444444 0.14359895833333333 0.3743425925925926
1 0.2786458333333333 0.4034351851851852 0.09449479166666667 0.2619074074074074
1 0.22209895833333335 0.3095277777777778 0.11830208333333332 0.22750925925925927
1 0.4263385416666667 0.35780555555555554 0.11458333333333333 0.2764537037037037
1 0.37574479166666663 0.2824074074074074 0.05059375 0.17063888888888887
1 0.5628697916666667 0.3068796296296296 0.103421875 0.16666666666666666
7 0.635046875 0.2837314814814815 0.07961458333333334 0.21296296296296297
1 0.3567708333333333 0.1858425925925926 0.09003125000000001 0.17063888888888887
7 0.46391145833333336 0.18253703703703703 0.09300520833333333 0.13491666666666668