6 0.213171875 0.40475925925925926 0.09449479166666667 0.2354537037037037
4 0.09338020833333333 0.37830555555555556 0.18675520833333334 0.3888888888888889
2 0.0703125 0.7420648148148148 0.13020833333333334 0.31216666666666665
2 0.31845312499999995 0.6871666666666667 0.17559375 0.3346574074074074
2 0.2894322916666667 0.4464259259259259 0.119046875 0.14947222222222223
2 0.3738854166666667 0.36441666666666667 0.048364583333333336 0.16799074074074075
1 0.4252239583333333 0.45304629629629634 0.115328125 0.28438888888888886
1 0.5688229166666667 0.644175925925926 0.203125 0.37037037037037035
1 0.564359375 0.38360185185185186 0.140625 0.1375648148148148
1 0.625 0.3366388888888889 0.09523958333333334 0.20767592592592593
2 0.44121875 0.2513240740740741 0.10565625000000001 0.12434259259259259