2 0.5922604166666667 0.7273518518518518 0.125 0.4798240740740741
7 0.23548958333333334 0.7526666666666667 0.11979166666666667 0.3788888888888889
6 0.056921875000000004 0.7314999999999999 0.10788541666666666 0.35240740740740745
6 0.2983645833333333 0.47476851851851853 0.07886979166666667 0.2120462962962963
7 0.4322916666666667 0.5005925925925926 0.10416666666666667 0.2689166666666667
1 0.5632447916666667 0.3987037037037037 0.10119270833333333 0.1894722222222222
1 0.22246875 0.3775277777777778 0.07142708333333332 0.14976851851851852
1 0.3723958333333333 0.36760185185185185 0.06621875 0.13520370370370371
1 0.609375 0.30607407407407405 0.08184374999999999 0.12325925925925926
5 0.37090625 0.2544722222222222 0.052828125000000004 0.09941666666666667
5 0.44903125 0.26704629629629634 0.072171875 0.13778703703703704