4 0.7927812500000001 0.5393518518518519 0.24330208333333334 0.9054166666666666
4 0.6811770833333333 0.4467037037037037 0.21205208333333334 0.8365185185185186
1 0.5784947916666667 0.3486944444444444 0.08109895833333333 0.21987962962962962
5 0.3266354166666667 0.58225 0.12202604166666667 0.3324907407407407
5 0.05840625 0.5299907407407407 0.11681770833333333 0.35230555555555554
1 0.2879479166666667 0.3592685185185185 0.06547395833333333 0.13521296296296295
1 0.44940625 0.34671296296296295 0.087796875 0.23708333333333334
1 0.39657812499999995 0.2739259259259259 0.040177083333333335 0.12325000000000001
2 0.6164427083333333 0.2514351851851852 0.04984895833333333 0.14175925925925925
7 0.22358854166666667 0.3070185185185185 0.084078125 0.22382407407407406
1 0.35379687499999996 0.18064814814814814 0.055802083333333335 0.1324537037037037
2 0.46019270833333337 0.16807407407407407 0.07961458333333334 0.12583333333333332