1 0.703125 0.7493425925925925 0.19940625 0.4748703703703704
1 0.5104166666666666 0.6898148148148148 0.18303645833333335 0.4431203703703704
1 0.2924114583333333 0.6534351851851852 0.18452604166666667 0.3624351851851852
1 0.08147395833333333 0.619712962962963 0.16145833333333334 0.38491666666666663
1 0.22916666666666666 0.41864814814814816 0.10119270833333333 0.1891574074074074
1 0.35081770833333337 0.4431203703703704 0.10044791666666668 0.24074074074074073
1 0.6525312499999999 0.32605555555555554 0.05952604166666667 0.07804629629629631
1 0.43824479166666663 0.3584629629629629 0.06547395833333333 0.11375925925925925
6 0.3982604166666667 0.2637777777777778 0.08409895833333333 0.1530277777777778
7 0.5067083333333333 0.2826574074074074 0.09089062499999999 0.14246296296296299
7 0.28754687500000004 0.3586666666666667 0.07333854166666667 0.15856481481481483
7 0.6183697916666666 0.5070555555555556 0.09998958333333333 0.2768611111111111
7 0.4396302083333333 0.515712962962963 0.09408854166666666 0.24487962962962964
1 0.04428125 0.2864537037037037 0.070109375 0.16618518518518519