6 0.17298958333333334 0.6144166666666667 0.072171875 0.1124351851851852
1 0.103796875 0.6210277777777778 0.06621875 0.1309537037037037
1 0.03534375 0.6025092592592592 0.048364583333333336 0.09391666666666668
1 0.032364583333333335 0.6798981481481481 0.06175520833333333 0.18783333333333335
1 0.16666666666666666 0.8207685185185185 0.15476041666666665 0.2949722222222222
1 0.328125 0.8723518518518518 0.08928645833333333 0.19444444444444445
5 0.47953645833333336 0.9014537037037037 0.10640104166666667 0.1970925925925926
5 0.5792395833333334 0.9212962962962963 0.10491145833333333 0.1574074074074074
7 0.548734375 0.8359814814814815 0.08556770833333333 0.18783333333333335
6 0.2957604166666667 0.7539722222222222 0.08109895833333333 0.16931481481481483
1 0.37574479166666663 0.7301574074074074 0.06398958333333334 0.1322777777777778
1 0.33891145833333336 0.681212962962963 0.046875 0.09787962962962962
2 0.4203854166666667 0.8022499999999999 0.08184374999999999 0.1891574074074074
6 0.40996875 0.6461666666666667 0.06547395833333333 0.09656481481481483
1 0.47098437499999996 0.6574074074074074 0.056546874999999996 0.10846296296296297
1 0.5714270833333334 0.7341296296296297 0.052083333333333336 0.05290740740740741