2 0.05096875 0.40806481481481477 0.09895833333333333 0.16005555555555556
7 0.13318229166666667 0.6911388888888889 0.21726041666666665 0.43783333333333335
5 0.3902552083333333 0.6600555555555556 0.12128125000000001 0.2777777777777778
1 0.6242552083333333 0.6574074074074074 0.16517708333333334 0.38360185185185186
6 0.28310937500000005 0.42592592592592593 0.09449479166666667 0.22750925925925927
1 0.36309375 0.4556851851851852 0.11011979166666667 0.15475925925925924
1 0.49925520833333337 0.4722222222222222 0.11309374999999999 0.2248703703703704
1 0.6372760416666666 0.39616666666666667 0.09746874999999999 0.17592592592592593
2 0.6949427083333333 0.3723518518518518 0.06398958333333334 0.20237962962962963
2 0.5122760416666667 0.2751296296296296 0.09449479166666667 0.16137962962962962
1 0.4408489583333333 0.36706481481481484 0.06919791666666668 0.14682407407407408