1 0.4605677083333333 0.7661296296296296 0.04761979166666667 0.09707407407407408
3 0.3939739583333333 0.7390092592592593 0.03199479166666667 0.11161111111111112
2 0.32217187500000005 0.784 0.03125 0.12487037037037038
1 0.28348437499999996 0.7932685185185185 0.044640624999999996 0.18574074074074073
1 0.3604895833333333 0.8574351851851851 0.05431770833333334 0.16593518518518519
2 0.40625 0.8170740740740742 0.032739583333333336 0.11430555555555556
1 0.5360885416666666 0.9057222222222222 0.060265624999999996 0.10376851851851851
5 0.3139895833333333 0.938824074074074 0.061010416666666664 0.12235185185185184
1 0.15736458333333334 0.8495 0.07366145833333333 0.20562037037037037
2 0.15104166666666666 0.6721944444444444 0.041666666666666664 0.1340648148148148
1 0.09635416666666667 0.6841018518518519 0.05133854166666666 0.1499537037037037