5 0.739953125 0.6781759259259259 0.15699479166666666 0.3285740740740741
3 0.5665937499999999 0.6589907407407408 0.13616145833333335 0.3484074074074074
1 0.32217187500000005 0.6106944444444444 0.16815625 0.30471296296296296
1 0.13653125 0.5412222222222222 0.16741145833333335 0.27424074074074073
1 0.27641145833333336 0.3883888888888889 0.10193229166666667 0.19344444444444445
1 0.3921145833333333 0.42412037037037037 0.10565625000000001 0.21992592592592594
1 0.513390625 0.41418518518518516 0.119046875 0.1868425925925926
3 0.6789427083333333 0.4346944444444445 0.12871875 0.1908240740740741
1 0.47432812500000004 0.3010462962962963 0.045385416666666664 0.10076851851851852
2 0.32515104166666664 0.3010555555555555 0.07886979166666667 0.1616388888888889
1 0.6826614583333334 0.3076574074074074 0.084078125 0.08225
2 0.5610104166666667 0.2580462962962963 0.08482291666666668 0.12853703703703703
6 0.4263385416666667 0.22696296296296298 0.06398958333333334 0.1854074074074074
6 0.09114583333333333 0.24350000000000002 0.122765625 0.1708611111111111