6 0.053197916666666664 0.2645462962962963 0.09895833333333333 0.16137962962962962
2 0.720609375 0.7705 0.18080208333333334 0.4484166666666667
2 0.5308802083333333 0.7030462962962962 0.185265625 0.42989814814814814
5 0.126859375 0.5601851851851852 0.17336458333333335 0.4140185185185185
5 0.20052083333333334 0.4027777777777778 0.13020833333333334 0.23148148148148148
1 0.3013385416666667 0.6342592592592593 0.17857291666666666 0.3743425925925926
1 0.3794635416666667 0.45304629629629634 0.107140625 0.29232407407407407
1 0.4691197916666667 0.34524074074074074 0.07961458333333334 0.1534351851851852
1 0.29278125 0.34524074074074074 0.13169791666666666 0.19841666666666666
1 0.6689010416666666 0.3359814814814815 0.068453125 0.07407407407407407
7 0.6432291666666666 0.5145462962962963 0.12128125000000001 0.2804259259259259
7 0.4925572916666667 0.49074074074074076 0.12648958333333335 0.2566111111111111
6 0.4263385416666667 0.24735185185185185 0.11309374999999999 0.1455
2 0.5345989583333334 0.2619074074074074 0.08854166666666667 0.17460185185185184