5 0.630953125 0.5246851851851851 0.10416666666666667 0.29408333333333336
5 0.4341510416666667 0.5365925925925926 0.12723437499999998 0.3073240740740741
5 0.22284375 0.586212962962963 0.13913541666666665 0.3033796296296296
1 0.05766145833333333 0.5511574074074074 0.115328125 0.3470185185185185
5 0.2626510416666667 0.3804444444444444 0.11011979166666667 0.18285185185185185
1 0.42113020833333337 0.3103148148148148 0.07440625000000001 0.12194444444444444
1 0.5531979166666667 0.3189166666666667 0.06919791666666668 0.1285648148148148
1 0.19605729166666666 0.26929629629629626 0.06919791666666668 0.15367592592592594
1 0.3604895833333333 0.2739259259259259 0.06770833333333333 0.12589814814814815
1 0.34375 0.17733333333333334 0.06696354166666667 0.10466666666666667
1 0.4330364583333333 0.17535185185185184 0.080359375 0.11657407407407408