1 0.6629479166666666 0.7440462962962964 0.162203125 0.39814814814814814
2 0.48028125 0.6673240740740741 0.19419791666666666 0.45105555555555554
1 0.240328125 0.7050277777777777 0.20684375 0.29364814814814816
1 0.072546875 0.6527777777777778 0.14508854166666665 0.3928611111111111
1 0.19419791666666666 0.4417962962962963 0.08928645833333333 0.17725000000000002
1 0.3121302083333333 0.4781759259259259 0.09300520833333333 0.28438888888888886
1 0.40141145833333336 0.3551574074074074 0.03943229166666666 0.09920370370370371
1 0.4151770833333333 0.4828055555555555 0.09375 0.3095277777777778
1 0.5851927083333333 0.45105555555555554 0.11086458333333334 0.24074074074074073
2 0.6324427083333333 0.3895462962962963 0.08630729166666667 0.21031481481481482
1 0.36011979166666663 0.2757962962962963 0.080359375 0.13624074074074072
1 0.47246875 0.2876944444444444 0.09375 0.13360185185185183
7 0.24925520833333334 0.39087037037037037 0.08184374999999999 0.19444444444444445