1 0.07515104166666667 0.5873055555555555 0.14583333333333334 0.42592592592592593
5 0.31659375 0.5879629629629629 0.177828125 0.32407407407407407
5 0.2801354166666667 0.3551574074074074 0.10788541666666666 0.16269444444444445
7 0.20982291666666666 0.317462962962963 0.10267708333333332 0.2248703703703704
1 0.5818437500000001 0.4001296296296296 0.17857291666666666 0.3478796296296296
1 0.42261979166666663 0.3683888888888889 0.11755729166666667 0.28703703703703703
1 0.34932812500000004 0.18386111111111111 0.084078125 0.16137962962962962
7 0.46577604166666664 0.19246296296296297 0.08630729166666667 0.12830555555555556
7 0.625 0.24801851851851853 0.06696354166666667 0.11508333333333334
4 0.7808802083333333 0.4550277777777778 0.2581822916666667 0.8492037037037037
4 0.7224687500000001 0.4041018518518519 0.12946354166666665 0.4537037037037037