1 0.11607291666666668 0.6560833333333334 0.18452604166666667 0.35450000000000004
1 0.3597447916666667 0.6527777777777778 0.14359895833333333 0.3214259259259259
1 0.580359375 0.6408703703703703 0.169640625 0.3743425925925926
1 0.3229166666666667 0.4212962962962963 0.08333333333333333 0.1388888888888889
1 0.4605677083333333 0.4411388888888889 0.09523958333333334 0.23676851851851852
1 0.599703125 0.38558333333333333 0.09375 0.17857407407407408
1 0.6488072916666667 0.3353148148148148 0.09821354166666667 0.20767592592592593
1 0.3980677083333333 0.35912962962962963 0.068453125 0.1653425925925926
2 0.4739583333333333 0.25397222222222227 0.09523958333333334 0.1455
6 0.2514895833333333 0.4014537037037037 0.099703125 0.20502777777777778
2 0.02753125 0.4007962962962963 0.052083333333333336 0.14814814814814814