1 0.7708333333333334 0.6556851851851851 0.12648958333333335 0.3814814814814815
1 0.5814739583333334 0.6080462962962964 0.12128125000000001 0.3152962962962963
5 0.34598437499999996 0.5776111111111112 0.14583333333333334 0.28087962962962965
5 0.13244270833333333 0.5160925925925925 0.17113020833333334 0.3218611111111111
1 0.2886927083333333 0.34802777777777777 0.08928645833333333 0.1894537037037037
1 0.3891354166666667 0.3486574074074074 0.06547395833333333 0.16385185185185186
7 0.4947916666666667 0.4684537037037037 0.10565625000000001 0.3033148148148148
1 0.6901041666666666 0.3830925925925926 0.08854166666666667 0.16433333333333333
1 0.513390625 0.2911296296296296 0.07291666666666667 0.1497222222222222
7 0.5710572916666667 0.24416666666666664 0.10193229166666667 0.16424999999999998
1 0.728421875 0.2792222222222222 0.08630729166666667 0.12325000000000001
6 0.4486614583333333 0.20910185185185187 0.07886979166666667 0.18143518518518517
2 0.34784375 0.3129722222222222 0.06770833333333333 0.21192592592592593
5 0.08296354166666667 0.21703703703703706 0.12425520833333333 0.14967592592592593