3 0.5900312499999999 0.8207685185185185 0.10119270833333333 0.28703703703703703
1 0.4791666666666667 0.7586018518518518 0.12351041666666666 0.26851851851851855
1 0.3191979166666667 0.7103148148148148 0.12202604166666667 0.2301574074074074
7 0.18229166666666666 0.6851851851851852 0.14136979166666666 0.2777777777777778
6 0.3020833333333333 0.5720925925925926 0.06547395833333333 0.1309537037037037
5 0.37685937500000005 0.5952407407407407 0.06324479166666667 0.15079629629629632
1 0.4270833333333333 0.6223518518518518 0.07738020833333333 0.17063888888888887
1 0.5535729166666666 0.6382314814814815 0.08333333333333333 0.15475925925925924
2 0.47730729166666663 0.501324074074074 0.055802083333333335 0.09787962962962962
6 0.40996875 0.49074074074074076 0.0625 0.10052777777777777
1 0.34858854166666664 0.5231481481481481 0.040921874999999996 0.10713888888888888
6 0.169640625 0.46428703703703705 0.07440625000000001 0.10317592592592593
1 0.095984375 0.4761944444444444 0.07142708333333332 0.1322777777777778
1 0.032739583333333336 0.4411388888888889 0.053572916666666665 0.06746296296296296
7 0.036458333333333336 0.535712962962963 0.07291666666666667 0.1534351851851852