5 0.6064010416666666 0.649074074074074 0.21428645833333335 0.4052962962962963
5 0.3764895833333333 0.5729814814814815 0.1875 0.2716203703703704
3 0.076265625 0.6159907407407407 0.14359895833333333 0.3682314814814815
4 0.056546874999999996 0.3209351851851852 0.111609375 0.36276851851851855
1 0.24107291666666666 0.3149537037037037 0.07440625000000001 0.1576759259259259
1 0.3121302083333333 0.37845370370370374 0.07961458333333334 0.13389814814814816
7 0.45238020833333337 0.47374074074074074 0.10119270833333333 0.2583240740740741
1 0.6168177083333333 0.3645555555555556 0.09077604166666667 0.1590462962962963
1 0.42373437500000005 0.303037037037037 0.055802083333333335 0.12855555555555556
5 0.3824427083333333 0.21835185185185185 0.075890625 0.12322222222222223
5 0.46279687500000005 0.21835185185185185 0.06994270833333333 0.12057407407407407