1 0.658484375 0.6808148148148148 0.13244270833333333 0.30475925925925923
5 0.4732135416666667 0.6854444444444444 0.12351041666666666 0.29814814814814816
1 0.20647395833333335 0.7330648148148149 0.11234895833333333 0.18437962962962962
1 0.06510416666666667 0.7119351851851852 0.12574479166666666 0.46751851851851856
1 0.19047395833333333 0.4949074074074074 0.07738020833333333 0.2107037037037037
1 0.3046875 0.45587037037037037 0.09300520833333333 0.18819444444444444
1 0.240328125 0.4055833333333333 0.07142708333333332 0.16169444444444445
1 0.4449427083333333 0.4386574074074074 0.06398958333333334 0.14849074074074076
1 0.38839062500000004 0.41484259259259254 0.061010416666666664 0.14317592592592593
1 0.5788697916666667 0.4697592592592592 0.07738020833333333 0.16835185185185184
2 0.47953645833333336 0.3136203703703703 0.08705208333333332 0.14974074074074073
1 0.36011979166666663 0.30171296296296296 0.07886979166666667 0.13120370370370368