6 0.3988072916666667 0.7797592592592593 0.0625 0.11508333333333334
3 0.4676354166666667 0.8134907407407408 0.052828125000000004 0.10052777777777777
7 0.4051354166666667 0.8545 0.064734375 0.10317592592592593
7 0.32626562499999995 0.799601851851852 0.04241145833333334 0.08862037037037036
5 0.28980729166666663 0.9417962962962962 0.09300520833333333 0.1111111111111111
7 0.13206770833333334 0.8875648148148149 0.17931770833333335 0.21693518518518518
6 0.15996875 0.6693148148148148 0.07142708333333332 0.11904629629629629
1 0.088171875 0.6646851851851852 0.06621875 0.1388888888888889
1 0.030880208333333332 0.6349166666666667 0.03943229166666666 0.10582407407407408
5 0.2682291666666667 0.8260555555555555 0.06770833333333333 0.1388888888888889
3 0.34375 0.8650833333333333 0.07291666666666667 0.12698148148148147
7 0.4088541666666667 0.9411388888888889 0.10193229166666667 0.11772222222222223
1 0.525671875 0.9629629629629629 0.09003125000000001 0.07407407407407407
1 0.5554322916666667 0.9041018518518518 0.045385416666666664 0.054231481481481485