2 0.7224687500000001 0.7519814814814815 0.200890625 0.4589907407407407
2 0.5260416666666666 0.6911388888888889 0.19196354166666665 0.42989814814814814
1 0.30059375 0.6243425925925925 0.16666666666666666 0.3571388888888889
5 0.107515625 0.5820092592592593 0.18080208333333334 0.4074074074074074
5 0.161828125 0.38558333333333333 0.10788541666666666 0.17327777777777775
1 0.3831822916666667 0.4292314814814815 0.09226041666666666 0.29232407407407407
1 0.2890625 0.3498703703703704 0.11681770833333333 0.20767592592592593
1 0.6480677083333333 0.4457685185185185 0.119046875 0.20635185185185187
1 0.6979166666666666 0.3730185185185185 0.05952604166666667 0.19047222222222224
1 0.4739583333333333 0.3353148148148148 0.068453125 0.13360185185185183
1 0.4895833333333333 0.47883333333333333 0.14136979166666666 0.25397222222222227
7 0.51934375 0.2619074074074074 0.099703125 0.1534351851851852
6 0.4233645833333333 0.25330555555555556 0.09523958333333334 0.1574074074074074
6 0.05431770833333334 0.25727777777777777 0.10416666666666667 0.17327777777777775