0 0.6439739583333334 0.6027685185185185 0.16145833333333334 0.3973333333333333
2 0.46465625 0.6861296296296296 0.11830208333333332 0.4397222222222222
1 0.24628125 0.6325185185185185 0.16666666666666666 0.25841666666666663
6 0.056546874999999996 0.6384907407407407 0.11309374999999999 0.36824074074074076
1 0.154015625 0.3930185185185185 0.09077604166666667 0.1656574074074074
1 0.30840625 0.39632407407407405 0.07663541666666666 0.19080555555555556
1 0.4438229166666667 0.3791203703703704 0.07663541666666666 0.14845370370370373
1 0.5740312500000001 0.38507407407407407 0.05878125 0.17624074074074075
1 0.39471875 0.34273148148148147 0.057291666666666664 0.11005555555555556
2 0.23288541666666665 0.35332407407407407 0.06547395833333333 0.17357407407407408
1 0.4713541666666667 0.23622222222222222 0.095984375 0.1298425925925926
5 0.36011979166666663 0.221 0.08184374999999999 0.11527777777777778