1 0.16778125 0.7251296296296296 0.06919791666666668 0.19496296296296298
6 0.22581770833333334 0.6093518518518519 0.095984375 0.20680555555555555
6 0.14806770833333335 0.5861944444444445 0.10863020833333333 0.1975277777777778
1 0.3902552083333333 0.5372314814814815 0.060265624999999996 0.13399074074074074
1 0.39136979166666663 0.4247592592592593 0.04761979166666667 0.11275
6 0.6904739583333334 0.8416018518518518 0.10565625000000001 0.3167962962962963
6 0.7935260416666666 0.6465648148148148 0.11234895833333333 0.18683333333333332
1 0.5517135416666666 0.4494074074074074 0.036458333333333336 0.13114814814814812
5 0.670015625 0.45469444444444446 0.036458333333333336 0.0914537037037037
3 0.6223958333333334 0.4824814814814815 0.03943229166666666 0.07824074074074074
1 0.5855677083333333 0.5175462962962963 0.03571354166666666 0.11927777777777777
1 0.6889895833333333 0.5400462962962963 0.05059375 0.11928703703703705
1 0.8039427083333333 0.4838148148148148 0.08109895833333333 0.12587037037037035