6 0.197171875 0.6397870370370371 0.06696354166666667 0.18564814814814815
5 0.1171875 0.6695555555555556 0.08556770833333333 0.17905555555555555
5 0.4029010416666667 0.5967777777777777 0.06770833333333333 0.1869537037037037
5 0.3619791666666667 0.5015092592592593 0.052828125000000004 0.13925925925925928
5 0.7764114583333334 0.5200277777777778 0.048364583333333336 0.11280555555555555
5 0.5435260416666666 0.4948888888888889 0.04241145833333334 0.14455555555555555
5 0.5900312499999999 0.5643611111111111 0.05803645833333334 0.15385185185185185
1 0.6968020833333333 0.4671018518518519 0.040921874999999996 0.10219444444444445
1 0.693078125 0.5941296296296296 0.06919791666666668 0.14989814814814814
1 0.6298385416666666 0.4558611111111111 0.046875 0.12203703703703704
1 0.5904010416666666 0.47173148148148153 0.036458333333333336 0.10087037037037037
6 0.6822916666666666 0.8515185185185185 0.142859375 0.29695370370370366