6 0.10640104166666667 0.6283055555555556 0.06994270833333333 0.15608333333333332
5 0.20163541666666665 0.660712962962963 0.107140625 0.23148148148148148
5 0.3697916666666667 0.4715648148148148 0.04761979166666667 0.059527777777777784
5 0.3776041666666667 0.5800277777777777 0.084078125 0.18121296296296296
5 0.595984375 0.47024074074074074 0.053572916666666665 0.08862037037037036
5 0.6595989583333334 0.4801574074074075 0.06919791666666668 0.12434259259259259
6 0.7306562499999999 0.519175925925926 0.06547395833333333 0.16269444444444445
5 0.7976197916666667 0.5489444444444445 0.0625 0.12434259259259259
6 0.584078125 0.5972222222222222 0.09672395833333333 0.16005555555555556
5 0.11607291666666668 0.8571388888888889 0.18303645833333335 0.27249074074074076
1 0.5386927083333333 0.5264537037037037 0.05952604166666667 0.12434259259259259
3 0.693453125 0.6534351851851852 0.11011979166666667 0.11375925925925925
6 0.7860885416666666 0.7030462962962962 0.09449479166666667 0.19444444444444445
6 0.6729895833333334 0.8730185185185185 0.18675520833333334 0.2513240740740741