6 0.09411979166666667 0.6243425925925925 0.08556770833333333 0.12434259259259259
6 0.7235885416666666 0.5310833333333334 0.06324479166666667 0.13624074074074072
6 0.7797604166666667 0.7023796296296296 0.11458333333333333 0.19576851851851854
6 0.6614583333333334 0.8716944444444444 0.20238020833333334 0.2566111111111111
1 0.10044791666666668 0.8505277777777778 0.18601041666666665 0.2962962962962963
5 0.193078125 0.6626944444444445 0.103421875 0.2354537037037037
5 0.37685937500000005 0.5780462962962962 0.07366145833333333 0.17725000000000002
5 0.4088541666666667 0.5112407407407408 0.030505208333333332 0.13624074074074072
5 0.544640625 0.5224907407407408 0.049109375000000004 0.11639814814814814
5 0.5889114583333334 0.5886203703703704 0.103421875 0.19841666666666666
5 0.673734375 0.5939166666666666 0.09746874999999999 0.16666666666666666
5 0.783109375 0.5601851851851852 0.109375 0.13360185185185183
5 0.661828125 0.4761944444444444 0.06621875 0.07407407407407407
1 0.5974687500000001 0.46296296296296297 0.029760416666666668 0.05555555555555555