3 0.12239583333333333 0.8415648148148148 0.12425520833333333 0.19767592592592592
5 0.189359375 0.6510370370370371 0.10044791666666668 0.2028611111111111
6 0.114953125 0.6748425925925926 0.10044791666666668 0.16053703703703703
5 0.3872760416666667 0.5789166666666666 0.07366145833333333 0.18032407407407408
5 0.36644270833333337 0.47504629629629624 0.057291666666666664 0.11542592592592592
1 0.5405520833333333 0.49753703703703706 0.04390104166666667 0.1313240740740741
6 0.5900312499999999 0.5557685185185185 0.07142708333333332 0.2054537037037037
6 0.6729895833333334 0.8541666666666666 0.11086458333333334 0.2916666666666667
3 0.802828125 0.6543425925925926 0.09523958333333334 0.1856574074074074
3 0.6889895833333333 0.6066944444444444 0.075890625 0.12741666666666668
5 0.7901770833333334 0.5220092592592592 0.06547395833333333 0.09296296296296297
1 0.716515625 0.4518888888888889 0.05952604166666667 0.12732407407407406
1 0.595984375 0.4492407407407408 0.03125 0.07968518518518519
5 0.6521562500000001 0.4505648148148148 0.04984895833333333 0.12202777777777778