6 0.12648958333333335 0.5899444444444444 0.07291666666666667 0.19047222222222224
6 0.21391145833333333 0.5873055555555555 0.09449479166666667 0.21163888888888888
5 0.3891354166666667 0.5284351851851852 0.068453125 0.1653425925925926
1 0.177453125 0.7850555555555556 0.16145833333333334 0.2896851851851852
6 0.6804322916666667 0.8320092592592593 0.185265625 0.32275
5 0.37797395833333336 0.4160092592592593 0.053572916666666665 0.06216666666666667
1 0.546875 0.47024074074074074 0.061010416666666664 0.12830555555555556
1 0.5904010416666666 0.5429907407407407 0.084078125 0.18386111111111111
1 0.6845260416666666 0.5370370370370371 0.07886979166666667 0.1534351851851852
1 0.7879479166666666 0.4708981481481481 0.06696354166666667 0.09787962962962962
5 0.720609375 0.45237962962962963 0.060265624999999996 0.1111111111111111
6 0.7816197916666667 0.6256574074074075 0.11681770833333333 0.19047222222222224
3 0.6127239583333334 0.46428703703703705 0.046875 0.07142592592592592
3 0.6614583333333334 0.46296296296296297 0.04761979166666667 0.0661388888888889