1 0.375 0.6507962962962963 0.07440625000000001 0.18518518518518517
1 0.37276562500000004 0.5370370370370371 0.03571354166666666 0.0582037037037037
1 0.5238072916666667 0.5972222222222222 0.05505729166666666 0.13360185185185183
1 0.662203125 0.6461666666666667 0.07142708333333332 0.17327777777777775
1 0.7109375 0.594574074074074 0.055802083333333335 0.16005555555555556
1 0.6510416666666666 0.53175 0.044640624999999996 0.07142592592592592
5 0.21354166666666666 0.7235462962962963 0.09821354166666667 0.2301574074074074
5 0.122765625 0.6765833333333333 0.06547395833333333 0.1256574074074074
5 0.15178645833333335 0.8611111111111112 0.17113020833333334 0.2698425925925926
5 0.583703125 0.6501296296296296 0.11086458333333334 0.1970925925925926
5 0.787203125 0.6011944444444444 0.07738020833333333 0.1045
6 0.7734375 0.7374351851851851 0.10788541666666666 0.19444444444444445
6 0.6804322916666667 0.8789722222222222 0.18080208333333334 0.24205555555555558
3 0.6104895833333334 0.5985462962962963 0.052828125000000004 0.08333333333333333