6 0.50409375 0.5511296296296296 0.06175520833333333 0.14325925925925925
6 0.6826614583333334 0.8686944444444445 0.11383854166666667 0.244
6 0.8095260416666666 0.7310833333333334 0.068453125 0.19364814814814812
6 0.7593020833333333 0.5266481481481481 0.052828125000000004 0.13662962962962963
1 0.6517864583333334 0.49753703703703706 0.04613020833333333 0.11279629629629628
1 0.6011927083333333 0.6100092592592592 0.06547395833333333 0.1499074074074074
1 0.599328125 0.4935648148148148 0.04241145833333334 0.08633333333333333
5 0.8165937499999999 0.5597222222222222 0.04984895833333333 0.12341666666666666
3 0.6990312500000001 0.6695462962962964 0.060265624999999996 0.14464814814814814
5 0.3753697916666667 0.5974351851851852 0.052828125000000004 0.13799074074074075
5 0.3813229166666667 0.49422222222222223 0.03943229166666666 0.06648148148148147
5 0.16108854166666667 0.6755185185185185 0.091515625 0.23330555555555554
6 0.08742708333333334 0.6662407407407407 0.078125 0.1539074074074074
1 0.07291666666666667 0.839574074074074 0.08333333333333333 0.1566574074074074