6 0.13802083333333334 0.7601944444444444 0.08109895833333333 0.23335185185185187
1 0.080359375 0.7072592592592593 0.052083333333333336 0.16451851851851854
1 0.07105729166666667 0.9116851851851852 0.09746874999999999 0.13685185185185186
1 0.35342187500000005 0.6748425925925926 0.04761979166666667 0.16582407407407407
1 0.3902552083333333 0.6027222222222223 0.045385416666666664 0.10888888888888888
1 0.5461302083333333 0.6166203703703704 0.049109375000000004 0.14726851851851852
1 0.5963541666666666 0.7059351851851852 0.040921874999999996 0.14070370370370372
6 0.685640625 0.7145370370370371 0.04984895833333333 0.18437037037037038
6 0.8050572916666667 0.8349537037037037 0.06398958333333334 0.2056111111111111
5 0.7819947916666667 0.6821203703703704 0.056546874999999996 0.14333333333333334
1 0.732140625 0.6219166666666667 0.041666666666666664 0.1313888888888889
1 0.6629479166666666 0.5921481481481481 0.05952604166666667 0.1591574074074074
1 0.6019322916666667 0.576925925925926 0.040177083333333335 0.11549074074074074