5 0.068078125 0.8210648148148149 0.134671875 0.2651481481481482
5 0.18080208333333334 0.6239074074074075 0.087796875 0.16447222222222221
3 0.10416666666666667 0.6457314814814815 0.06696354166666667 0.16845370370370372
5 0.38653125 0.5868518518518518 0.07663541666666666 0.1591574074074074
5 0.3816979166666667 0.502824074074074 0.053572916666666665 0.0810462962962963
5 0.6220260416666666 0.5802407407407407 0.05505729166666666 0.1538611111111111
5 0.8043177083333333 0.5722962962962963 0.07142708333333332 0.1194537037037037
5 0.744421875 0.5392222222222223 0.064734375 0.15912962962962965
5 0.6681562499999999 0.4955555555555556 0.05952604166666667 0.12735185185185185
1 0.5904010416666666 0.463787037037037 0.05431770833333334 0.07440740740740741
5 0.5558020833333334 0.5425185185185185 0.05059375 0.11547222222222221
3 0.708703125 0.6715277777777777 0.07663541666666666 0.12215740740740741
6 0.8054322916666667 0.7178518518518519 0.08556770833333333 0.1804074074074074
6 0.6599687500000001 0.881287037037037 0.09375 0.2374351851851852