5 0.19828645833333333 0.6613796296296296 0.10193229166666667 0.2433888888888889
6 0.111609375 0.6435185185185185 0.07440625000000001 0.16799074074074075
2 0.11197916666666667 0.8670648148148148 0.146578125 0.26587037037037037
5 0.3824427083333333 0.5760555555555555 0.06547395833333333 0.17592592592592593
5 0.3716510416666667 0.47685185185185186 0.03943229166666666 0.07804629629629631
6 0.5427812500000001 0.5211666666666667 0.05878125 0.11375925925925925
6 0.6733645833333333 0.8730185185185185 0.17708333333333334 0.25397222222222227
6 0.7816197916666667 0.7063518518518519 0.11383854166666667 0.18783333333333335
5 0.8005937500000001 0.5509259259259259 0.068453125 0.12037037037037036
5 0.671875 0.59325 0.07738020833333333 0.15475925925925924
5 0.5963541666666666 0.4775092592592593 0.04390104166666667 0.07672222222222222
5 0.658484375 0.4880925925925926 0.053572916666666665 0.11639814814814814
6 0.7328854166666667 0.5251296296296296 0.05059375 0.14814814814814814
1 0.5814739583333334 0.605824074074074 0.11086458333333334 0.19576851851851854