5 0.37128125 0.5899444444444444 0.09077604166666667 0.18253703703703703
5 0.8087812499999999 0.5588611111111111 0.05803645833333334 0.12301851851851853
5 0.18489583333333334 0.6818796296296296 0.10788541666666666 0.23941666666666667
1 0.09411979166666667 0.8670648148148148 0.15996875 0.26587037037037037
1 0.5866822916666667 0.626324074074074 0.10640104166666667 0.21825
1 0.5974687500000001 0.4775092592592593 0.03869270833333334 0.06084259259259259
1 0.6536458333333334 0.5046296296296297 0.05878125 0.11508333333333334
5 0.6941979166666666 0.6256574074074075 0.09523958333333334 0.17725000000000002
6 0.7849687500000001 0.719574074074074 0.125 0.19576851851851854
6 0.07886979166666667 0.6455 0.07142708333333332 0.1587314814814815
6 0.6804322916666667 0.8855833333333333 0.177828125 0.22883333333333333
6 0.7503697916666667 0.5456388888888889 0.05878125 0.1256574074074074
6 0.5204635416666666 0.5469537037037038 0.08705208333333332 0.1124351851851852