5 0.18266145833333333 0.617287037037037 0.08109895833333333 0.1856388888888889
6 0.10565625000000001 0.6252222222222222 0.06547395833333333 0.13800925925925928
3 0.045385416666666664 0.8263518518518519 0.08928645833333333 0.24133333333333332
6 0.6666666666666666 0.8686944444444445 0.11607291666666668 0.26252777777777775
6 0.8009687499999999 0.7112314814814815 0.08556770833333333 0.1883425925925926
5 0.3824427083333333 0.5623796296296296 0.06696354166666667 0.1631111111111111
5 0.39434375 0.48033333333333333 0.05059375 0.09955555555555555
6 0.536828125 0.5127499999999999 0.057291666666666664 0.12736111111111112
5 0.5911458333333334 0.5775925925925925 0.06621875 0.16444444444444445
3 0.6908489583333334 0.6490370370370371 0.08556770833333333 0.13008333333333333
5 0.8039427083333333 0.5564166666666667 0.052828125000000004 0.1088611111111111
6 0.7232135416666666 0.5259907407407408 0.068453125 0.13530555555555554
5 0.6343020833333333 0.4730555555555555 0.04390104166666667 0.10881481481481481
5 0.5948645833333334 0.475037037037037 0.037947916666666665 0.08367592592592593