1 0.39359895833333336 0.6038333333333333 0.06994270833333333 0.17327777777777775
1 0.37909375 0.4960277777777778 0.033484375000000004 0.06084259259259259
1 0.595609375 0.6097870370370371 0.10044791666666668 0.18783333333333335
1 0.6949427083333333 0.6038333333333333 0.08482291666666668 0.16269444444444445
1 0.7931562499999999 0.5390185185185185 0.10119270833333333 0.1124351851851852
1 0.7250729166666667 0.5125648148148149 0.05431770833333334 0.12037037037037036
1 0.6655520833333333 0.5185185185185185 0.046875 0.08465740740740742
1 0.6156979166666667 0.5086018518518518 0.03943229166666666 0.09126851851851851
1 0.5431562499999999 0.5390185185185185 0.0625 0.1124351851851852
1 0.22507291666666665 0.6871666666666667 0.091515625 0.23148148148148148
1 0.138390625 0.6560833333333334 0.075890625 0.10846296296296297
1 0.6908489583333334 0.8571388888888889 0.16741145833333335 0.28571296296296295
2 0.1640625 0.858462962962963 0.15253125 0.2804259259259259
6 0.783484375 0.6858425925925926 0.10416666666666667 0.18650925925925926