5 0.18117708333333335 0.6430925925925925 0.08854166666666667 0.2107962962962963
5 0.08630729166666667 0.8501666666666666 0.12202604166666667 0.1963611111111111
3 0.099703125 0.6298611111111111 0.0625 0.1710925925925926
6 0.6651770833333334 0.8700185185185185 0.10863020833333333 0.24136111111111114
6 0.8061770833333333 0.7138796296296296 0.12128125000000001 0.20422222222222222
6 0.5892864583333334 0.5967777777777777 0.07291666666666667 0.1763611111111111
6 0.6536458333333334 0.48562962962962963 0.055802083333333335 0.13660185185185186
5 0.548734375 0.5273055555555556 0.057291666666666664 0.09032407407407407
5 0.3999270833333333 0.6014074074074074 0.095984375 0.1618148148148148
5 0.36942187499999996 0.4816574074074075 0.064734375 0.08632407407407408
5 0.599328125 0.46908333333333335 0.040921874999999996 0.11145370370370371
6 0.7254479166666666 0.5193703703703704 0.07886979166666667 0.15912037037037036
5 0.798734375 0.5418703703703704 0.06324479166666667 0.15119444444444444
3 0.6960572916666667 0.6510185185185186 0.06324479166666667 0.12347222222222222