1 0.3541666666666667 0.6130925925925926 0.07886979166666667 0.19444444444444445
1 0.5364583333333334 0.5694444444444444 0.05952604166666667 0.12037037037037036
1 0.599328125 0.5185185185185185 0.045385416666666664 0.0793611111111111
1 0.6491822916666667 0.5297592592592593 0.046875 0.1045
1 0.5770104166666666 0.6587314814814814 0.11979166666666667 0.19841666666666666
5 0.7213541666666666 0.5542314814814815 0.037947916666666665 0.08200925925925925
5 0.7615312500000001 0.6170648148148148 0.09300520833333333 0.14153703703703704
6 0.6904739583333334 0.6574074074074074 0.09226041666666666 0.18518518518518517
6 0.7905520833333333 0.769175925925926 0.13020833333333334 0.20237962962962963
6 0.6633177083333333 0.9007962962962963 0.158484375 0.19841666666666666
6 0.060265624999999996 0.6580648148148148 0.07440625000000001 0.17592592592592593
6 0.14434375 0.6805555555555556 0.14732291666666666 0.2738055555555555
5 0.07552083333333333 0.8783055555555556 0.13765104166666667 0.2433888888888889