6 0.6703854166666667 0.8098333333333333 0.16369270833333335 0.353787037037037
1 0.17150520833333335 0.7059351851851852 0.095984375 0.18039814814814817
6 0.220609375 0.5630370370370371 0.095984375 0.17766666666666667
6 0.146203125 0.5603888888888889 0.09003125000000001 0.17237037037037037
1 0.40067187499999996 0.4981944444444444 0.06621875 0.11941666666666667
1 0.3776041666666667 0.40490740740740744 0.046875 0.08099074074074074
1 0.595609375 0.5213611111111112 0.06770833333333333 0.17367592592592593
1 0.548734375 0.4446111111111111 0.055802083333333335 0.12335185185185185
1 0.6860104166666667 0.4790092592592593 0.03571354166666666 0.07309259259259258
1 0.8046875 0.45387037037037037 0.052828125000000004 0.12071296296296297
6 0.8013385416666666 0.6192777777777778 0.13988020833333334 0.17902777777777779
1 0.7220989583333334 0.40557407407407403 0.02753125 0.07966666666666668
3 0.65625 0.45585185185185184 0.040177083333333335 0.07969444444444444
3 0.6197916666666666 0.4518888888888889 0.044640624999999996 0.09556481481481481