1 0.3426354166666667 0.5086018518518518 0.060265624999999996 0.12830555555555556
1 0.5904010416666666 0.6130925925925926 0.09746874999999999 0.21561111111111111
1 0.6945677083333333 0.6316111111111111 0.09003125000000001 0.1388888888888889
1 0.5978437499999999 0.4695740740740741 0.037947916666666665 0.07142592592592592
5 0.5465052083333333 0.5211666666666667 0.05431770833333334 0.11639814814814814
5 0.654015625 0.4735462962962963 0.05952604166666667 0.12698148148148147
6 0.7220989583333334 0.5138888888888888 0.06175520833333333 0.1045
5 0.771578125 0.568787037037037 0.08333333333333333 0.1428611111111111
6 0.7816197916666667 0.6990740740740741 0.13169791666666666 0.20502777777777778
6 0.6677812500000001 0.8703703703703703 0.18824479166666666 0.25925925925925924
1 0.10119270833333333 0.8439166666666666 0.162203125 0.3068796296296296
6 0.09226041666666666 0.6269814814814815 0.08184374999999999 0.1428611111111111
5 0.1875 0.660712962962963 0.10119270833333333 0.24735185185185185
5 0.37276562500000004 0.5793611111111111 0.07291666666666667 0.17725000000000002