5 0.37685937500000005 0.5218240740740742 0.055802083333333335 0.054231481481481485
5 0.37128125 0.6388888888888888 0.087796875 0.17989814814814814
5 0.579984375 0.6653425925925927 0.103421875 0.19576851851851854
5 0.5502239583333334 0.5615092592592592 0.046875 0.09126851851851851
1 0.595984375 0.5343888888888889 0.04761979166666667 0.10846296296296297
1 0.654015625 0.5310833333333334 0.07142708333333332 0.13624074074074072
6 0.7459062500000001 0.5628333333333333 0.052828125000000004 0.13360185185185183
5 0.795015625 0.5998703703703704 0.06175520833333333 0.13360185185185183
3 0.6953125 0.7083333333333334 0.11086458333333334 0.10978703703703703
6 0.7786458333333334 0.7440462962962964 0.11830208333333332 0.19973148148148148
6 0.6629479166666666 0.9060833333333334 0.15625 0.18783333333333335
6 0.06919791666666668 0.6964259259259259 0.08184374999999999 0.15212037037037035
5 0.173734375 0.719574074074074 0.11681770833333333 0.23809259259259258
5 0.07849479166666667 0.8882314814814815 0.146578125 0.2235462962962963