1 0.3764895833333333 0.61 0.06547395833333333 0.11550925925925926
1 0.3441197916666667 0.6973425925925926 0.072171875 0.17642592592592593
5 0.23697916666666666 0.8005462962962964 0.09746874999999999 0.21617592592592594
3 0.14918229166666666 0.7621759259259259 0.072171875 0.1923425925925926
5 0.07291666666666667 0.7694444444444445 0.075890625 0.1486759259259259
1 0.591890625 0.7376944444444444 0.04390104166666667 0.1671851851851852
1 0.5375729166666667 0.6497037037037037 0.04390104166666667 0.1446388888888889
1 0.6837812499999999 0.7476111111111111 0.04613020833333333 0.13675925925925925
6 0.7953854166666667 0.8726574074074074 0.13988020833333334 0.2175462962962963
1 0.6514114583333334 0.6106574074074074 0.040921874999999996 0.09037037037037036
5 0.5926354166666666 0.631824074074074 0.02753125 0.037453703703703704
1 0.7224687500000001 0.6490370370370371 0.04761979166666667 0.12214814814814813
5 0.7901770833333334 0.7065925925925925 0.06398958333333334 0.14202777777777775