1 0.3816979166666667 0.626537037037037 0.052083333333333336 0.09831481481481483
1 0.35528125 0.6933611111111111 0.052828125000000004 0.10762037037037038
5 0.23921354166666667 0.7906296296296296 0.08258854166666667 0.22278703703703706
6 0.14880729166666665 0.7846759259259259 0.049109375000000004 0.22146296296296297
5 0.07477604166666667 0.785324074074074 0.07961458333333334 0.18044444444444444
1 0.5383177083333333 0.6523518518518518 0.045385416666666664 0.14728703703703702
1 0.6026770833333334 0.6146296296296296 0.028276041666666665 0.08772222222222222
5 0.5822187499999999 0.7138796296296296 0.05133854166666666 0.1698148148148148
5 0.6447187499999999 0.6285277777777777 0.037947916666666665 0.11816666666666667
1 0.6904739583333334 0.7496018518518519 0.049109375000000004 0.14601851851851852
1 0.7235885416666666 0.6483796296296296 0.046875 0.1314074074074074
5 0.7898072916666667 0.7185092592592592 0.05431770833333334 0.16055555555555556
6 0.8270104166666666 0.8706759259259259 0.07366145833333333 0.18975925925925927