6 0.09635416666666667 0.6258796296296296 0.07961458333333334 0.13933333333333334
5 0.18005729166666665 0.6364814814814814 0.08333333333333333 0.21078703703703705
2 0.083703125 0.8389166666666666 0.10193229166666667 0.19237962962962965
6 0.6767135416666666 0.8707037037037038 0.13913541666666665 0.25860185185185186
3 0.7924114583333334 0.7059166666666666 0.07886979166666667 0.17778703703703702
3 0.693078125 0.645074074074074 0.08258854166666667 0.15389814814814815
1 0.6000729166666667 0.604712962962963 0.072171875 0.1499074074074074
5 0.36160937499999996 0.5762685185185186 0.04613020833333333 0.17502777777777778
5 0.37723437499999996 0.4783425925925926 0.052083333333333336 0.08764814814814814
6 0.5342239583333334 0.5101111111111111 0.049109375000000004 0.1485277777777778
1 0.6298385416666666 0.4935648148148148 0.036458333333333336 0.10221296296296296
3 0.6651770833333334 0.5001851851851852 0.05059375 0.11014814814814815
6 0.7239583333333334 0.5153981481481481 0.06696354166666667 0.11148148148148149
5 0.794640625 0.5716388888888889 0.049109375000000004 0.14194444444444446