1 0.5561770833333333 0.7138703703703704 0.07515104166666667 0.13806481481481483
1 0.5148802083333334 0.6622685185185185 0.03125 0.11686111111111111
1 0.5766354166666667 0.6305000000000001 0.023807291666666668 0.05333333333333334
1 0.6283489583333334 0.6013981481481482 0.04241145833333334 0.08242592592592592
1 0.7075885416666666 0.6642592592592592 0.044640624999999996 0.14994444444444444
1 0.650296875 0.741 0.04613020833333333 0.18174074074074073
6 0.7857135416666666 0.834287037037037 0.09523958333333334 0.2122314814814815
5 0.33370312500000004 0.7072592592592593 0.072171875 0.18039814814814817
1 0.33296354166666664 0.5901481481481482 0.06175520833333333 0.07050925925925926
5 0.20052083333333334 0.8117962962962963 0.08258854166666667 0.2148611111111111
5 0.040552083333333336 0.7978981481481482 0.06621875 0.2135277777777778
5 0.119046875 0.7979074074074074 0.056546874999999996 0.2294074074074074
1 0.7879479166666666 0.6748333333333334 0.06994270833333333 0.12084259259259258