5 0.38467187500000005 0.5780462962962962 0.080359375 0.17460185185185184
5 0.5885416666666666 0.4556851851851852 0.041666666666666664 0.08068518518518518
5 0.7894322916666667 0.5099166666666667 0.0625 0.11772222222222223
5 0.12536979166666667 0.6388888888888888 0.07366145833333333 0.11904629629629629
1 0.5435260416666666 0.5171944444444445 0.048364583333333336 0.12434259259259259
1 0.5829635416666666 0.5879629629629629 0.10788541666666666 0.19179629629629627
1 0.6979166666666666 0.6170648148148148 0.09375 0.10185185185185185
1 0.720984375 0.4880925925925926 0.06547395833333333 0.12169444444444445
1 0.6547604166666667 0.4715648148148148 0.07142708333333332 0.12830555555555556
1 0.140625 0.8399444444444444 0.14880729166666665 0.32010185185185186
6 0.21726041666666665 0.6666666666666666 0.10416666666666667 0.23809259259259258
6 0.681921875 0.8525092592592592 0.18378125 0.2949722222222222
6 0.7853437499999999 0.6646851851851852 0.103421875 0.19973148148148148