1 0.22209895833333335 0.6494722222222222 0.091515625 0.2248703703703704
1 0.1328125 0.6091296296296297 0.07515104166666667 0.11772222222222223
1 0.16480729166666666 0.8359814814814815 0.14211458333333335 0.32539814814814816
1 0.662203125 0.8280462962962962 0.14434375 0.34391666666666665
5 0.5855677083333333 0.5866388888888889 0.08928645833333333 0.1970925925925926
1 0.6886145833333334 0.5734166666666667 0.08556770833333333 0.15475925925925924
1 0.7879479166666666 0.5125648148148149 0.09821354166666667 0.10713888888888888
1 0.7105677083333333 0.4748703703703704 0.04761979166666667 0.09259259259259259
1 0.6607135416666666 0.4947129629629629 0.04315625 0.09524074074074074
1 0.6134687499999999 0.4735462962962963 0.040921874999999996 0.07407407407407407
1 0.5379479166666666 0.5132314814814815 0.061010416666666664 0.11904629629629629
1 0.36644270833333337 0.46825 0.045385416666666664 0.06878703703703705
1 0.38578645833333336 0.5701018518518519 0.072171875 0.17195370370370372
6 0.7805052083333333 0.6613796296296296 0.09821354166666667 0.18783333333333335