5 0.041296875000000004 0.8425925925925926 0.08258854166666667 0.24074074074074073
5 0.126859375 0.7764537037037037 0.08109895833333333 0.19576851851851854
5 0.22172395833333333 0.8161388888888889 0.10863020833333333 0.2433888888888889
1 0.33817187499999996 0.7109814814814815 0.091515625 0.19444444444444445
1 0.33109895833333336 0.5919351851851852 0.053572916666666665 0.06216666666666667
1 0.5587812499999999 0.7440462962962964 0.11755729166666667 0.19973148148148148
1 0.661828125 0.7453703703703703 0.09895833333333333 0.1891574074074074
1 0.7819947916666667 0.693787037037037 0.087796875 0.13360185185185183
6 0.7626510416666666 0.8564814814814815 0.111609375 0.1970925925925926
1 0.51190625 0.6653425925925927 0.05505729166666666 0.12169444444444445
1 0.568453125 0.6203703703703703 0.049109375000000004 0.09259259259259259
2 0.6242552083333333 0.619712962962963 0.056546874999999996 0.12037037037037036
1 0.7016354166666667 0.6580648148148148 0.068453125 0.16269444444444445