5 0.40029687500000005 0.6093518518518519 0.08333333333333333 0.20680555555555555
5 0.3716510416666667 0.48695370370370367 0.060265624999999996 0.11278703703703703
5 0.18117708333333335 0.6358148148148147 0.078125 0.1935925925925926
5 0.08072916666666667 0.7892962962962964 0.11086458333333334 0.14339814814814816
5 0.6156979166666667 0.5001851851851852 0.06324479166666667 0.13925925925925928
5 0.798734375 0.5511296296296296 0.05878125 0.1300277777777778
5 0.7347447916666667 0.5253333333333333 0.05878125 0.16309259259259257
6 0.6588541666666666 0.4882777777777778 0.04390104166666667 0.16042592592592592
6 0.5829635416666666 0.5987592592592592 0.052828125000000004 0.13535185185185186
6 0.8061770833333333 0.7211574074074074 0.12425520833333333 0.1976111111111111
6 0.673734375 0.8680555555555556 0.10788541666666666 0.2638888888888889
3 0.6904739583333334 0.6510185185185186 0.075890625 0.12612037037037038
1 0.5472447916666667 0.5173796296296296 0.057291666666666664 0.12075