5 0.37425520833333337 0.46428703703703705 0.05059375 0.05290740740740741
5 0.3921145833333333 0.5707685185185185 0.08482291666666668 0.18386111111111111
5 0.541296875 0.5092592592592593 0.045385416666666664 0.14814814814814814
5 0.5933802083333333 0.4398148148148148 0.030505208333333332 0.059527777777777784
5 0.6499270833333333 0.4484166666666667 0.05133854166666666 0.12962962962962962
5 0.7250729166666667 0.4913981481481482 0.055802083333333335 0.1388888888888889
5 0.796875 0.5218240740740742 0.05803645833333334 0.09126851851851851
6 0.12053645833333333 0.6355833333333333 0.06398958333333334 0.15212037037037035
6 0.20684375 0.6613796296296296 0.10863020833333333 0.2222222222222222
6 0.13169791666666666 0.8597870370370371 0.169640625 0.2804259259259259
6 0.6722447916666667 0.8591296296296297 0.20015104166666667 0.28175
6 0.7965052083333333 0.6633611111111111 0.115328125 0.19179629629629627
1 0.6822916666666666 0.6097870370370371 0.10565625000000001 0.1111111111111111
1 0.5866822916666667 0.5601851851851852 0.09449479166666667 0.18121296296296296
4 0.857140625 0.4160092592592593 0.03869270833333334 0.19179629629629627