6 0.22581770833333334 0.5509259259259259 0.084078125 0.17327777777777775
6 0.6770833333333334 0.8273796296296296 0.19047395833333333 0.3425925925925926
6 0.794640625 0.6190462962962964 0.10565625000000001 0.18253703703703703
2 0.17708333333333334 0.7705 0.14136979166666666 0.3214259259259259
1 0.38467187500000005 0.42526851851851855 0.05505729166666666 0.10978703703703703
5 0.3988072916666667 0.5119074074074074 0.07440625000000001 0.17195370370370372
5 0.5550572916666667 0.45105555555555554 0.056546874999999996 0.12434259259259259
5 0.5885416666666666 0.5105833333333333 0.080359375 0.17725000000000002
5 0.8110104166666667 0.4801574074074075 0.068453125 0.12698148148148147
5 0.14475520833333333 0.5430277777777778 0.07891666666666668 0.12112962962962963
5 0.7416822916666667 0.44602777777777775 0.0540625 0.14917592592592593
5 0.676640625 0.4119814814814815 0.05913020833333334 0.11312962962962964
5 0.6020208333333333 0.3884537037037037 0.03491666666666667 0.054064814814814816
3 0.6969114583333333 0.5321296296296296 0.07828125000000001 0.15317592592592594