1 0.16555208333333335 0.7906203703703704 0.095984375 0.17780555555555555
1 0.03125 0.8263518518518519 0.056546874999999996 0.2439814814814815
1 0.14322916666666666 0.6496944444444444 0.060265624999999996 0.11552777777777777
5 0.22358854166666667 0.6377962962962963 0.09300520833333333 0.16580555555555554
1 0.4088541666666667 0.6159629629629629 0.045385416666666664 0.14064814814814816
1 0.38653125 0.500175925925926 0.03496875 0.09162962962962963
1 0.5416666666666666 0.5431851851851852 0.056546874999999996 0.10885185185185185
1 0.6134687499999999 0.6186111111111111 0.048364583333333336 0.1618240740740741
6 0.704984375 0.8640648148148149 0.10640104166666667 0.2506203703703704
6 0.8314739583333334 0.6913888888888889 0.07366145833333333 0.20685185185185187
1 0.7034947916666667 0.5967685185185185 0.040921874999999996 0.1102037037037037
1 0.8154739583333334 0.5286296296296296 0.03869270833333334 0.09296296296296297
1 0.7299114583333334 0.49224074074074076 0.041666666666666664 0.08368518518518518
3 0.674109375 0.5491296296296296 0.03571354166666666 0.08636111111111111
3 0.623140625 0.5438425925925926 0.04241145833333334 0.08900925925925926