5 0.17894270833333334 0.6444166666666666 0.10640104166666667 0.20814814814814817
6 0.08891145833333333 0.642425925925926 0.064734375 0.13537037037037036
1 0.088171875 0.7959074074074074 0.07515104166666667 0.16192592592592592
6 0.6677812500000001 0.8653888888888889 0.13765104166666667 0.25855555555555554
6 0.7972447916666667 0.7085833333333333 0.084078125 0.18039814814814817
1 0.6064010416666666 0.47040740740740744 0.03125 0.10087037037037037
1 0.5740312500000001 0.5504629629629629 0.046875 0.11812037037037036
5 0.5513385416666666 0.5021574074074074 0.032739583333333336 0.08237037037037036
5 0.38355729166666663 0.5769351851851852 0.046875 0.19487962962962962
5 0.4192708333333333 0.48562962962962963 0.052828125000000004 0.15512962962962962
1 0.671875 0.4730555555555555 0.03571354166666666 0.09823148148148149
5 0.6875 0.5636944444444444 0.044640624999999996 0.12606481481481482
6 0.7317708333333334 0.5326018518518519 0.06175520833333333 0.14060185185185184
5 0.7976197916666667 0.549138888888889 0.05952604166666667 0.14723148148148146