1 0.18117708333333335 0.7185092592592592 0.091515625 0.1764351851851852
1 0.1484375 0.5511203703703704 0.07663541666666666 0.1220925925925926
6 0.22246875 0.5378981481481481 0.0625 0.15383333333333332
5 0.4114583333333333 0.5074629629629629 0.08630729166666667 0.15911111111111112
1 0.38765104166666664 0.387712962962963 0.056546874999999996 0.07038888888888889
6 0.7295364583333334 0.7972592592592592 0.16145833333333334 0.3498148148148148
6 0.8162187500000001 0.6093518518518519 0.06994270833333333 0.20150925925925925
5 0.8288697916666667 0.4657777777777778 0.05952604166666667 0.11012962962962963
1 0.7046145833333333 0.4902592592592593 0.041666666666666664 0.10617592592592592
5 0.599703125 0.4816666666666667 0.04315625 0.1445462962962963
5 0.5677083333333334 0.4181388888888889 0.044640624999999996 0.08628703703703704
5 0.7451614583333334 0.41350925925925924 0.040921874999999996 0.09025
3 0.6744791666666666 0.45387037037037037 0.045385416666666664 0.07307407407407407
3 0.638765625 0.4452685185185185 0.036458333333333336 0.08498148148148148