1 0.3645833333333333 0.5257962962962963 0.044640624999999996 0.059527777777777784
1 0.37202604166666664 0.6435185185185185 0.080359375 0.18386111111111111
1 0.5822187499999999 0.6679907407407407 0.09300520833333333 0.21693518518518518
1 0.6908489583333334 0.6917962962962962 0.09746874999999999 0.11375925925925925
1 0.595984375 0.5244722222222222 0.028276041666666665 0.07275
6 0.552453125 0.5813518518518519 0.040921874999999996 0.09920370370370371
6 0.7094479166666667 0.5740740740740741 0.08109895833333333 0.11639814814814814
6 0.7808802083333333 0.7572777777777778 0.12425520833333333 0.19973148148148148
6 0.07663541666666666 0.7380925925925926 0.08630729166666667 0.19047222222222224
5 0.650296875 0.5423240740740741 0.05952604166666667 0.12962962962962962
5 0.7823645833333334 0.6144166666666667 0.064734375 0.1574074074074074
5 0.170015625 0.7400833333333333 0.12871875 0.25528703703703703
5 0.07701041666666668 0.8862407407407408 0.146578125 0.2037037037037037
2 0.6607135416666666 0.8948425925925926 0.15178645833333335 0.21031481481481482