3 0.20201041666666666 0.6900555555555555 0.08109895833333333 0.15657407407407406
5 0.13913541666666665 0.8223796296296296 0.08630729166666667 0.19105555555555556
1 0.12351041666666666 0.6695462962962964 0.06547395833333333 0.16052777777777777
5 0.4029010416666667 0.6470555555555556 0.08556770833333333 0.12875925925925927
1 0.38095312499999995 0.5478148148148148 0.041666666666666664 0.09694444444444444
1 0.6953125 0.8825833333333334 0.13765104166666667 0.21358333333333332
6 0.8035729166666666 0.7502777777777777 0.09672395833333333 0.1817314814814815
1 0.8080364583333334 0.5954444444444444 0.061010416666666664 0.11285185185185184
1 0.5944947916666667 0.6609537037037038 0.06398958333333334 0.1592037037037037
1 0.545015625 0.5861851851851853 0.048364583333333336 0.13666666666666666
5 0.6800572916666667 0.6404444444444444 0.05059375 0.15257407407407408
1 0.7202395833333333 0.5703148148148148 0.037203125000000004 0.13136111111111112
3 0.6220260416666666 0.6007314814814815 0.025296875 0.07051851851851852
3 0.6469479166666667 0.6086759259259259 0.014135416666666668 0.05993518518518519