5 0.068453125 0.6111111111111112 0.10267708333333332 0.14021296296296296
6 0.16369270833333335 0.6408703703703703 0.13244270833333333 0.23941666666666667
5 0.37202604166666664 0.5720925925925926 0.09523958333333334 0.1653425925925926
5 0.5870520833333334 0.5958981481481482 0.09226041666666666 0.19444444444444445
5 0.6915937499999999 0.5886203703703704 0.091515625 0.1640185185185185
5 0.8031979166666667 0.5337314814814814 0.060265624999999996 0.1045
6 0.7395833333333334 0.49934259259259256 0.06696354166666667 0.13360185185185183
5 0.6499270833333333 0.47024074074074074 0.05133854166666666 0.11772222222222223
5 0.5911458333333334 0.4556851851851852 0.05431770833333334 0.08598148148148148
5 0.5398072916666667 0.5059537037037036 0.057291666666666664 0.10713888888888888
5 0.091515625 0.8478796296296297 0.17559375 0.29364814814814816
6 0.673734375 0.869712962962963 0.18675520833333334 0.26058333333333333
6 0.7890625 0.6997314814814816 0.122765625 0.19841666666666666