5 0.08482291666666668 0.6309537037037036 0.080359375 0.18253703703703703
6 0.16852604166666665 0.6527777777777778 0.13020833333333334 0.25
5 0.08221875000000001 0.8339907407407408 0.13020833333333334 0.25
5 0.670015625 0.875 0.19568229166666665 0.23676851851851852
5 0.6008177083333333 0.4722222222222222 0.029015625 0.06878703703703705
5 0.6488072916666667 0.4913981481481482 0.05952604166666667 0.1124351851851852
5 0.720984375 0.5112407407407408 0.04315625 0.08598148148148148
5 0.759671875 0.5734166666666667 0.09523958333333334 0.1574074074074074
6 0.6841510416666666 0.6170648148148148 0.10788541666666666 0.20237962962962963
1 0.3597447916666667 0.5846574074074073 0.08556770833333333 0.24074074074074073
1 0.3824427083333333 0.48545370370370367 0.04315625 0.10846296296296297
1 0.5420364583333334 0.535712962962963 0.05878125 0.13491666666666668
1 0.5822187499999999 0.6137592592592592 0.103421875 0.2222222222222222
6 0.796875 0.7103148148148148 0.130953125 0.2301574074074074