2 0.170015625 0.8320092592592593 0.16443229166666665 0.32010185185185186
2 0.115328125 0.6289722222222222 0.09375 0.19179629629629627
6 0.22395833333333334 0.6316111111111111 0.10267708333333332 0.22883333333333333
6 0.6811770833333333 0.8419351851851852 0.18080208333333334 0.3161388888888889
6 0.7771562500000001 0.6468240740740742 0.12128125000000001 0.19841666666666666
5 0.39657812499999995 0.5568796296296296 0.07738020833333333 0.17195370370370372
5 0.5788697916666667 0.5522499999999999 0.08333333333333333 0.18650925925925926
5 0.6648072916666667 0.45304629629629634 0.060265624999999996 0.09391666666666668
5 0.5978437499999999 0.442462962962963 0.045385416666666664 0.06216666666666667
5 0.5427812500000001 0.4940462962962963 0.052828125000000004 0.12830555555555556
1 0.790921875 0.505287037037037 0.0625 0.11639814814814814
1 0.7314010416666666 0.4801574074074075 0.05803645833333334 0.13491666666666668
5 0.3686770833333333 0.48148148148148145 0.060265624999999996 0.10582407407407408
3 0.6889895833333333 0.5661388888888889 0.075890625 0.14814814814814814