5 0.14732291666666666 0.7079259259259258 0.07738020833333333 0.1949537037037037
5 0.37202604166666664 0.6179444444444444 0.05803645833333334 0.13933333333333334
5 0.37871875 0.5173796296296296 0.041666666666666664 0.07046296296296296
5 0.5866822916666667 0.6404259259259258 0.060265624999999996 0.15525
5 0.7901770833333334 0.5901574074074074 0.061010416666666664 0.10490740740740741
6 0.744046875 0.5451666666666667 0.053572916666666665 0.13135185185185186
1 0.5922604166666667 0.4988518518518518 0.03125 0.09691666666666666
6 0.552453125 0.551787037037037 0.045385416666666664 0.13664814814814816
6 0.6689010416666666 0.9077407407407407 0.08333333333333333 0.18452777777777776
6 0.7931562499999999 0.7489444444444444 0.09672395833333333 0.18438888888888888
3 0.6789427083333333 0.6807962962962962 0.07663541666666666 0.1380462962962963
3 0.6495520833333334 0.5008518518518518 0.053572916666666665 0.16175