5 0.39136979166666663 0.6053796296296295 0.06398958333333334 0.16446296296296298
6 0.197171875 0.6490370370370371 0.06696354166666667 0.13537962962962963
3 0.125 0.6503611111111111 0.07291666666666667 0.13537962962962963
5 0.13616145833333335 0.8091388888888889 0.10119270833333333 0.1487037037037037
6 0.6875 0.8541481481481482 0.130953125 0.2836851851851852
6 0.798734375 0.6748425925925926 0.08109895833333333 0.18435185185185185
1 0.7860885416666666 0.5239999999999999 0.046875 0.12075
1 0.6860104166666667 0.5696481481481481 0.0625 0.12210185185185185
1 0.7265625 0.47702777777777783 0.030505208333333332 0.11411111111111111
1 0.6674114583333334 0.46908333333333335 0.03571354166666666 0.08235185185185186
1 0.5933802083333333 0.4585 0.036458333333333336 0.09027777777777778
1 0.5457604166666666 0.5107685185185186 0.040921874999999996 0.12868518518518518
5 0.6008177083333333 0.5762685185185186 0.06770833333333333 0.16444444444444445
5 0.3753697916666667 0.49687037037037035 0.037947916666666665 0.08500925925925926