5 0.165921875 0.7132222222222222 0.09077604166666667 0.24787962962962962
6 0.07180208333333334 0.6980000000000001 0.07515104166666667 0.15128703703703703
5 0.05766145833333333 0.850824074074074 0.115328125 0.1844537037037037
5 0.3735104166666667 0.6239166666666667 0.05059375 0.15650925925925926
5 0.37909375 0.5173703703703704 0.045385416666666664 0.05987962962962963
5 0.5513385416666666 0.5656666666666667 0.04613020833333333 0.06917592592592592
5 0.646203125 0.5187037037037038 0.033484375000000004 0.09957407407407408
5 0.75 0.6139722222222223 0.049109375000000004 0.09699074074074074
3 0.6863854166666666 0.6682222222222222 0.046875 0.13141666666666668
1 0.5825885416666666 0.6192685185185185 0.041666666666666664 0.14197222222222222
1 0.595609375 0.5167129629629629 0.036458333333333336 0.08766666666666667
6 0.798734375 0.737037037037037 0.07068229166666667 0.20555555555555555
6 0.6648072916666667 0.8905462962962962 0.10044791666666668 0.21891666666666668
6 0.7057291666666666 0.5372314814814815 0.06324479166666667 0.11811111111111111