6 0.6715052083333333 0.8475555555555556 0.134671875 0.30489814814814814
5 0.08482291666666668 0.7985555555555556 0.09672395833333333 0.1804537037037037
5 0.19940625 0.6470555555555556 0.09672395833333333 0.17375000000000002
6 0.11346875000000001 0.6404444444444444 0.08705208333333332 0.1499259259259259
5 0.39136979166666663 0.5789166666666666 0.05803645833333334 0.1670925925925926
5 0.36532812499999995 0.47702777777777783 0.052083333333333336 0.12469444444444443
1 0.5863072916666667 0.5491481481481482 0.049109375000000004 0.15516666666666667
3 0.6964270833333334 0.6086759259259259 0.05952604166666667 0.1128611111111111
6 0.7890625 0.6523518518518518 0.07663541666666666 0.20550925925925925
5 0.786828125 0.5107685185185186 0.057291666666666664 0.12603703703703703
5 0.728421875 0.473712962962963 0.053572916666666665 0.11279629629629628
1 0.6573645833333334 0.44328703703703703 0.045385416666666664 0.10747222222222222
5 0.5904010416666666 0.4373240740740741 0.05133854166666666 0.07703703703703704
5 0.537203125 0.48826851851851855 0.053572916666666665 0.1075