5 0.37276562500000004 0.5251296296296296 0.040177083333333335 0.0661388888888889
5 0.3735104166666667 0.6455 0.08333333333333333 0.20105555555555554
6 0.560640625 0.5727500000000001 0.045385416666666664 0.10052777777777777
1 0.5989583333333334 0.5410092592592592 0.04315625 0.10582407407407408
1 0.658484375 0.5383611111111111 0.05952604166666667 0.12698148148148147
6 0.720609375 0.5734166666666667 0.04984895833333333 0.14417592592592593
1 0.7886927083333333 0.6005277777777778 0.049109375000000004 0.1428611111111111
5 0.5848229166666666 0.6805555555555556 0.09375 0.19179629629629627
3 0.6908489583333334 0.7023796296296296 0.11086458333333334 0.10846296296296297
6 0.7857135416666666 0.7572777777777778 0.125 0.21031481481481482
6 0.6577395833333333 0.9060833333333334 0.15773958333333335 0.18783333333333335
6 0.072171875 0.7017222222222222 0.080359375 0.14153703703703704
5 0.17336458333333335 0.7407407407407407 0.11755729166666667 0.24074074074074073
1 0.08296354166666667 0.8836018518518518 0.13913541666666665 0.21428703703703705